model,id,bleu,precisions,brevity_penalty,length_ratio,translation_length,reference_length
gpt_one_example,1_0,0.3717997834506294,"[0.9175257731958762, 0.7291666666666666, 0.5894736842105263, 0.46808510638297873]",0.5672187147811254,0.6381578947368421,97.0,152.0
gpt_one_example,1_2,1.0,"[1.0, 1.0, 1.0, 1.0]",1.0,1.0,7.0,7.0
gpt_one_example,1_3,1.0,"[1.0, 1.0, 1.0, 1.0]",1.0,1.0,27.0,27.0
gpt_one_example,1_4,0.21363152815199038,"[0.625, 0.3333333333333333, 0.21428571428571427, 0.07692307692307693]",0.8824969025845955,0.8888888888888888,16.0,18.0
gpt_one_example,1_5,1.0,"[1.0, 1.0, 1.0, 1.0]",1.0,1.0,6.0,6.0
gpt_one_example,1_6,1.0,"[1.0, 1.0, 1.0, 1.0]",1.0,1.0,7.0,7.0
gpt_one_example,1_7,1.0,"[1.0, 1.0, 1.0, 1.0]",1.0,1.0,7.0,7.0
gpt_one_example,1_8,1.0,"[1.0, 1.0, 1.0, 1.0]",1.0,1.0,7.0,7.0
gpt_one_example,1_9,0.25067269864739034,"[0.6666666666666666, 0.35, 0.2631578947368421, 0.16666666666666666]",0.788127627745311,0.8076923076923077,21.0,26.0
gpt_one_example,1_10,0.0,"[0.47368421052631576, 0.05555555555555555, 0.0, 0.0]",1.0,1.0,19.0,19.0
gpt_one_example,1_11,0.0,"[0.45, 0.15789473684210525, 0.05555555555555555, 0.0]",0.9048374180359595,0.9090909090909091,20.0,22.0
gpt_one_example,1_12,1.0,"[1.0, 1.0, 1.0, 1.0]",1.0,1.0,6.0,6.0
gpt_one_example,1_13,0.0,"[0.5, 0.21739130434782608, 0.045454545454545456, 0.0]",0.846481724890614,0.8571428571428571,24.0,28.0
gpt_one_example,2_0,0.32673576193394,"[0.9101123595505618, 0.75, 0.6091954022988506, 0.46511627906976744]",0.4926948960943648,0.5855263157894737,89.0,152.0
gpt_one_example,2_1,0.0,"[1.0, 0.0, 0.0, 0.0]",0.36787944117144233,0.5,1.0,2.0
gpt_one_example,2_2,0.0,"[0.5, 0.14285714285714285, 0.0, 0.0]",0.7613003866968737,0.7857142857142857,22.0,28.0
gpt_one_example,2_3,0.0,"[0.5555555555555556, 0.29411764705882354, 0.125, 0.0]",0.7574651283969664,0.782608695652174,18.0,23.0
gpt_one_example,2_4,0.0,"[0.55, 0.2631578947368421, 0.1111111111111111, 0.0]",1.0,1.0,20.0,20.0
gpt_one_example,2_5,1.0,"[1.0, 1.0, 1.0, 1.0]",1.0,1.0,6.0,6.0
gpt_one_example,2_6,0.1802210474963418,"[0.65, 0.3684210526315789, 0.16666666666666666, 0.058823529411764705]",0.8187307530779819,0.8333333333333334,20.0,24.0
gpt_one_example,2_7,0.3638074228571147,"[0.8125, 0.5333333333333333, 0.35714285714285715, 0.3076923076923077]",0.7788007830714049,0.8,16.0,20.0
gpt_one_example,2_8,0.18438513883517713,"[0.6666666666666666, 0.35, 0.15789473684210525, 0.05555555555555555]",0.8668778997501817,0.875,21.0,24.0
gpt_one_example,2_9,1.0,"[1.0, 1.0, 1.0, 1.0]",1.0,1.0,6.0,6.0
gpt_one_example,2_10,1.0,"[1.0, 1.0, 1.0, 1.0]",1.0,1.0,6.0,6.0
gpt_one_example,2_11,0.0,"[0.4117647058823529, 0.0625, 0.0, 0.0]",0.7451888170134805,0.7727272727272727,17.0,22.0
gpt_one_example,2_12,0.0,"[0.6666666666666666, 0.23529411764705882, 0.125, 0.0]",0.846481724890614,0.8571428571428571,18.0,21.0
gpt_one_example,2_13,1.0,"[1.0, 1.0, 1.0, 1.0]",1.0,1.0,6.0,6.0
gpt_one_example,2_14,0.0,"[0.2631578947368421, 0.05555555555555555, 0.0, 0.0]",0.729212952525235,0.76,19.0,25.0
gpt_one_example,3_0,0.1690856006976485,"[0.9305555555555556, 0.6338028169014085, 0.42857142857142855, 0.2753623188405797]",0.32919298780790557,0.47368421052631576,72.0,152.0
gpt_one_example,3_1,0.21233470585998823,"[0.5217391304347826, 0.2727272727272727, 0.14285714285714285, 0.1]",1.0,1.0454545454545454,23.0,22.0
gpt_one_example,3_2,0.13872638167626056,"[0.48148148148148145, 0.23076923076923078, 0.08, 0.041666666666666664]",1.0,1.125,27.0,24.0
gpt_one_example,3_3,0.2234282338708307,"[0.55, 0.3157894736842105, 0.2222222222222222, 0.11764705882352941]",0.8607079764250577,0.8695652173913043,20.0,23.0
gpt_one_example,3_4,1.0,"[1.0, 1.0, 1.0, 1.0]",1.0,1.0,6.0,6.0
gpt_one_example,3_5,1.0,"[1.0, 1.0, 1.0, 1.0]",1.0,1.0,7.0,7.0
gpt_one_example,3_6,0.24329268691415304,"[0.8125, 0.5333333333333333, 0.2857142857142857, 0.07692307692307693]",0.7788007830714049,0.8,16.0,20.0
gpt_one_example,3_7,0.18529727514179387,"[0.41379310344827586, 0.25, 0.14814814814814814, 0.07692307692307693]",1.0,1.0,29.0,29.0
gpt_one_example,3_8,0.19908618433389177,"[0.6190476190476191, 0.35, 0.15789473684210525, 0.05555555555555555]",0.9534969548334766,0.9545454545454546,21.0,22.0
gpt_one_example,3_9,1.0,"[1.0, 1.0, 1.0, 1.0]",1.0,1.0,6.0,6.0
gpt_one_example,3_10,0.1319886047791133,"[0.5294117647058824, 0.3125, 0.13333333333333333, 0.07142857142857142]",0.6624801353939264,0.7083333333333334,17.0,24.0
gpt_one_example,3_11,0.0,"[0.25, 0.06666666666666667, 0.0, 0.0]",0.8824969025845955,0.8888888888888888,16.0,18.0
gpt_one_example,3_12,0.0,"[0.25, 0.09090909090909091, 0.0, 0.0]",0.513417119032592,0.6,12.0,20.0
gpt_one_example,3_13,1.0,"[1.0, 1.0, 1.0, 1.0]",1.0,1.0,6.0,6.0
gpt_one_example,4_0,0.3206974105347899,"[0.896551724137931, 0.5478260869565217, 0.3508771929824561, 0.21238938053097345]",0.7331940870813974,0.7631578947368421,116.0,152.0
gpt_one_example,4_1,0.0,"[0.8333333333333334, 0.6, 0.25, 0.0]",1.0,1.0,6.0,6.0
gpt_one_example,4_2,0.16626154667828857,"[0.5789473684210527, 0.2777777777777778, 0.17647058823529413, 0.0625]",0.8101577349324267,0.8260869565217391,19.0,23.0
gpt_one_example,4_3,0.40398643103086623,"[0.7619047619047619, 0.5, 0.3684210526315789, 0.2777777777777778]",0.909156442876713,0.9130434782608695,21.0,23.0
gpt_one_example,4_4,1.0,"[1.0, 1.0, 1.0, 1.0]",1.0,1.0,6.0,6.0
gpt_one_example,4_5,0.0,"[0.8333333333333334, 0.6, 0.25, 0.0]",1.0,1.0,6.0,6.0
gpt_one_example,4_6,0.22718122243874941,"[0.5833333333333334, 0.34782608695652173, 0.22727272727272727, 0.09523809523809523]",0.8824969025845955,0.8888888888888888,24.0,27.0
gpt_one_example,4_7,0.25575281675539263,"[0.8181818181818182, 0.6, 0.4444444444444444, 0.25]",0.5292133415000504,0.6111111111111112,11.0,18.0
gpt_one_example,4_8,1.0,"[1.0, 1.0, 1.0, 1.0]",1.0,1.0,6.0,6.0
gpt_one_example,4_9,1.0,"[1.0, 1.0, 1.0, 1.0]",1.0,1.0,7.0,7.0
gpt_one_example,4_10,1.0,"[1.0, 1.0, 1.0, 1.0]",1.0,1.0,7.0,7.0
gpt_one_example,4_11,0.21925949220377514,"[0.5789473684210527, 0.3888888888888889, 0.23529411764705882, 0.125]",0.7686205265937356,0.7916666666666666,19.0,24.0
gpt_one_example,4_12,0.14674393455180845,"[0.6, 0.2631578947368421, 0.1111111111111111, 0.058823529411764705]",0.8187307530779819,0.8333333333333334,20.0,24.0
gpt_one_example,4_13,0.5647181220077593,"[1.0, 1.0, 1.0, 1.0]",0.5647181220077593,0.6363636363636364,7.0,11.0
gpt_one_example,5_0,0.36025884302718203,"[0.6933333333333334, 0.47651006711409394, 0.30405405405405406, 0.17687074829931973]",0.9867551618071956,0.9868421052631579,150.0,152.0
gpt_one_example,5_1,0.0,"[1.0, 0.0, 0.0, 0.0]",1.0,1.0,1.0,1.0
gpt_one_example,5_2,0.0,"[0.5833333333333334, 0.30434782608695654, 0.09090909090909091, 0.0]",0.7788007830714049,0.8,24.0,30.0
gpt_one_example,5_3,0.09860232290604325,"[0.5555555555555556, 0.23529411764705882, 0.125, 0.06666666666666667]",0.5427474811642219,0.6206896551724138,18.0,29.0
gpt_one_example,5_4,0.0,"[0.5, 0.13333333333333333, 0.0, 0.0]",0.645648526427892,0.6956521739130435,16.0,23.0
gpt_one_example,5_5,0.1665262071675369,"[0.6111111111111112, 0.29411764705882354, 0.125, 0.06666666666666667]",0.846481724890614,0.8571428571428571,18.0,21.0
gpt_one_example,5_6,0.18471706734883164,"[0.5789473684210527, 0.2777777777777778, 0.17647058823529413, 0.0625]",0.9000876262522594,0.9047619047619048,19.0,21.0
gpt_one_example,5_7,1.0,"[1.0, 1.0, 1.0, 1.0]",1.0,1.0,7.0,7.0
gpt_one_example,5_8,0.1998267469611704,"[0.75, 0.4782608695652174, 0.18181818181818182, 0.047619047619047616]",0.846481724890614,0.8571428571428571,24.0,28.0
gpt_one_example,5_9,0.20870371467330825,"[0.48, 0.25, 0.17391304347826086, 0.09090909090909091]",1.0,1.0,25.0,25.0
gpt_one_example,5_10,1.0,"[1.0, 1.0, 1.0, 1.0]",1.0,1.0,6.0,6.0
gpt_one_example,5_11,0.21876733913459198,"[0.7142857142857143, 0.46153846153846156, 0.3333333333333333, 0.2727272727272727]",0.5257880244257798,0.6086956521739131,14.0,23.0
gpt_one_example,5_12,0.2981792160679168,"[0.6086956521739131, 0.36363636363636365, 0.23809523809523808, 0.15]",1.0,1.0,23.0,23.0
gpt_one_example,5_13,0.0,"[0.4117647058823529, 0.25, 0.06666666666666667, 0.0]",0.9428731438548749,0.9444444444444444,17.0,18.0
gpt_one_example,5_14,0.28745184351573544,"[0.625, 0.391304347826087, 0.2727272727272727, 0.14285714285714285]",0.9200444146293233,0.9230769230769231,24.0,26.0
gpt_one_example,6_0,0.359665050862159,"[0.9042553191489362, 0.7419354838709677, 0.6086956521739131, 0.4835164835164835]",0.5395492141873537,0.618421052631579,94.0,152.0
gpt_one_example,6_1,0.0,"[0.0, 0.0, 0.0, 0.0]",1.0,1.0,1.0,1.0
gpt_one_example,6_2,0.4110433074789492,"[0.5416666666666666, 0.43478260869565216, 0.36363636363636365, 0.3333333333333333]",1.0,1.1428571428571428,24.0,21.0
gpt_one_example,6_3,0.0,"[0.4583333333333333, 0.21739130434782608, 0.045454545454545456, 0.0]",1.0,1.1428571428571428,24.0,21.0
gpt_one_example,6_4,0.0,"[0.38461538461538464, 0.0, 0.0, 0.0]",0.925961078642316,0.9285714285714286,13.0,14.0
gpt_one_example,6_5,0.0,"[0.3333333333333333, 0.14285714285714285, 0.07692307692307693, 0.0]",0.8751733190429475,0.8823529411764706,15.0,17.0
gpt_one_example,6_6,1.0,"[1.0, 1.0, 1.0, 1.0]",1.0,1.0,7.0,7.0
gpt_one_example,6_7,0.3033411650002925,"[0.7894736842105263, 0.4444444444444444, 0.29411764705882354, 0.125]",0.9000876262522594,0.9047619047619048,19.0,21.0
gpt_one_example,6_8,0.0,"[0.8571428571428571, 0.6666666666666666, 0.4, 0.0]",1.0,1.0,7.0,7.0
gpt_one_example,6_9,1.0,"[1.0, 1.0, 1.0, 1.0]",1.0,1.0,8.0,8.0
gpt_one_example,6_10,0.37109431974872065,"[0.6842105263157895, 0.5, 0.4117647058823529, 0.3125]",0.8101577349324267,0.8260869565217391,19.0,23.0
gpt_one_example,6_11,0.0,"[0.5882352941176471, 0.25, 0.0, 0.0]",0.8890097654027757,0.8947368421052632,17.0,19.0
gpt_one_example,6_12,0.19433831559151135,"[0.625, 0.26666666666666666, 0.14285714285714285, 0.07692307692307693]",0.9394130628134758,0.9411764705882353,16.0,17.0
gpt_one_example,6_13,1.0,"[1.0, 1.0, 1.0, 1.0]",1.0,1.0,7.0,7.0
gpt_one_example,6_14,0.0,"[0.3, 0.05263157894736842, 0.0, 0.0]",0.951229424500714,0.9523809523809523,20.0,21.0
gpt_one_example,7_0,0.17485579583463934,"[0.9090909090909091, 0.6052631578947368, 0.38666666666666666, 0.21621621621621623]",0.3775599276970476,0.506578947368421,77.0,152.0
gpt_one_example,7_1,0.0,"[0.8333333333333334, 0.6, 0.25, 0.0]",1.0,1.0,6.0,6.0
gpt_one_example,7_2,0.0,"[0.36363636363636365, 0.09523809523809523, 0.0, 0.0]",0.7967034698934615,0.8148148148148148,22.0,27.0
gpt_one_example,7_3,1.0,"[1.0, 1.0, 1.0, 1.0]",1.0,1.0,7.0,7.0
gpt_one_example,7_4,0.25717805764926893,"[0.5454545454545454, 0.38095238095238093, 0.2, 0.10526315789473684]",1.0,1.0,22.0,22.0
gpt_one_example,7_5,0.0,"[0.7142857142857143, 0.3333333333333333, 0.2, 0.0]",1.0,1.0,7.0,7.0
gpt_one_example,7_6,0.5946035575013605,"[0.875, 0.7142857142857143, 0.5, 0.4]",1.0,1.0,8.0,8.0
gpt_one_example,7_7,0.537284965911771,"[0.8333333333333334, 0.6, 0.5, 0.3333333333333333]",1.0,1.0,6.0,6.0
gpt_one_example,7_8,0.0,"[0.4117647058823529, 0.25, 0.06666666666666667, 0.0]",0.7903383629814982,0.8095238095238095,17.0,21.0
gpt_one_example,7_9,1.0,"[1.0, 1.0, 1.0, 1.0]",1.0,1.0,7.0,7.0
gpt_one_example,7_10,1.0,"[1.0, 1.0, 1.0, 1.0]",1.0,1.0,7.0,7.0
gpt_one_example,7_11,0.6434588841607617,"[0.8571428571428571, 0.6666666666666666, 0.6, 0.5]",1.0,1.0,7.0,7.0
gpt_one_example,7_12,0.0,"[0.5, 0.19047619047619047, 0.0, 0.0]",0.7967034698934615,0.8148148148148148,22.0,27.0
gpt_one_example,7_13,0.0,"[0.3684210526315789, 0.16666666666666666, 0.058823529411764705, 0.0]",1.0,1.0555555555555556,19.0,18.0
gpt_one_example,8_0,0.09656001694182732,"[0.925, 0.43037974683544306, 0.20512820512820512, 0.03896103896103896]",0.40656965974059905,0.5263157894736842,80.0,152.0
gpt_one_example,8_1,0.0,"[0.7142857142857143, 0.5, 0.2, 0.0]",1.0,1.1666666666666667,7.0,6.0
gpt_one_example,8_2,0.15379674654754452,"[0.6666666666666666, 0.3, 0.15789473684210525, 0.05555555555555555]",0.751477293075286,0.7777777777777778,21.0,27.0
gpt_one_example,8_3,0.31560218247855587,"[0.6666666666666666, 0.4782608695652174, 0.3181818181818182, 0.19047619047619047]",0.846481724890614,0.8571428571428571,24.0,28.0
gpt_one_example,8_4,0.0,"[0.45454545454545453, 0.047619047619047616, 0.0, 0.0]",0.9555630362682843,0.9565217391304348,22.0,23.0
gpt_one_example,8_5,0.0,"[0.38095238095238093, 0.1, 0.0, 0.0]",0.6832104226749482,0.7241379310344828,21.0,29.0
gpt_one_example,8_6,0.0,"[0.14285714285714285, 0.0, 0.0, 0.0]",0.5647181220077593,0.6363636363636364,14.0,22.0
gpt_one_example,8_7,0.33932908025428205,"[0.5714285714285714, 0.4, 0.3157894736842105, 0.2222222222222222]",0.9534969548334766,0.9545454545454546,21.0,22.0
gpt_one_example,8_8,0.0,"[0.4782608695652174, 0.18181818181818182, 0.047619047619047616, 0.0]",0.8403699701308981,0.8518518518518519,23.0,27.0
gpt_one_example,8_9,0.22347542560104858,"[0.6470588235294118, 0.4375, 0.2, 0.14285714285714285]",0.7451888170134805,0.7727272727272727,17.0,22.0
gpt_one_example,8_10,0.4666756931662376,"[0.6666666666666666, 0.5217391304347826, 0.4090909090909091, 0.3333333333333333]",1.0,1.0,24.0,24.0
gpt_one_example,8_11,0.22354445094404488,"[0.5384615384615384, 0.32, 0.16666666666666666, 0.08695652173913043]",1.0,1.1818181818181819,26.0,22.0
gpt_one_example,8_12,0.5647181220077593,"[1.0, 1.0, 1.0, 1.0]",0.5647181220077593,0.6363636363636364,7.0,11.0
gpt_one_example,8_13,1.0,"[1.0, 1.0, 1.0, 1.0]",1.0,1.0,8.0,8.0
gpt_one_example,9_0,0.11463354288060178,"[0.8762886597938144, 0.3541666666666667, 0.12631578947368421, 0.0425531914893617]",0.5672187147811254,0.6381578947368421,97.0,152.0
gpt_one_example,9_1,0.0,"[0.8333333333333334, 0.4, 0.25, 0.0]",0.846481724890614,0.8571428571428571,6.0,7.0
gpt_one_example,9_2,0.30183854130936943,"[0.56, 0.375, 0.21739130434782608, 0.18181818181818182]",1.0,1.0869565217391304,25.0,23.0
gpt_one_example,9_3,1.0,"[1.0, 1.0, 1.0, 1.0]",1.0,1.0,7.0,7.0
gpt_one_example,9_4,0.0,"[0.8571428571428571, 0.6666666666666666, 0.4, 0.0]",1.0,1.0,7.0,7.0
gpt_one_example,9_5,1.0,"[1.0, 1.0, 1.0, 1.0]",1.0,1.0,7.0,7.0
gpt_one_example,9_6,1.0,"[1.0, 1.0, 1.0, 1.0]",1.0,1.0,7.0,7.0
gpt_one_example,9_7,1.0,"[1.0, 1.0, 1.0, 1.0]",1.0,1.0,7.0,7.0
gpt_one_example,9_8,1.0,"[1.0, 1.0, 1.0, 1.0]",1.0,1.0,7.0,7.0
gpt_one_example,9_9,0.21911241193468112,"[0.6842105263157895, 0.3333333333333333, 0.23529411764705882, 0.1875]",0.6918258252705171,0.7307692307692307,19.0,26.0
gpt_one_example,9_10,0.0,"[0.46153846153846156, 0.25, 0.09090909090909091, 0.0]",0.6807123983233854,0.7222222222222222,13.0,18.0
gpt_one_example,9_11,1.0,"[1.0, 1.0, 1.0, 1.0]",1.0,1.0,6.0,6.0
gpt_one_example,9_12,0.159839401898584,"[0.6666666666666666, 0.35, 0.15789473684210525, 0.05555555555555555]",0.751477293075286,0.7777777777777778,21.0,27.0
gpt_one_example,9_13,1.0,"[1.0, 1.0, 1.0, 1.0]",1.0,1.0,6.0,6.0
gpt_one_example,10_0,0.10013290442516923,"[0.8444444444444444, 0.3258426966292135, 0.125, 0.04597701149425287]",0.5021336855390236,0.5921052631578947,90.0,152.0
gpt_one_example,10_1,1.0,"[1.0, 1.0, 1.0, 1.0]",1.0,1.0,6.0,6.0
gpt_one_example,10_2,0.0,"[0.5769230769230769, 0.12, 0.041666666666666664, 0.0]",0.8574039191604413,0.8666666666666667,26.0,30.0
gpt_one_example,10_3,1.0,"[1.0, 1.0, 1.0, 1.0]",1.0,1.0,6.0,6.0
gpt_one_example,10_4,0.26512298021756175,"[0.5, 0.30434782608695654, 0.22727272727272727, 0.14285714285714285]",1.0,1.0,24.0,24.0
gpt_one_example,10_5,0.0,"[0.8333333333333334, 0.6, 0.25, 0.0]",1.0,1.0,6.0,6.0
gpt_one_example,10_6,0.39300351892306934,"[0.6818181818181818, 0.5238095238095238, 0.45, 0.3684210526315789]",0.7967034698934615,0.8148148148148148,22.0,27.0
gpt_one_example,10_7,0.1141744409282599,"[0.4, 0.21428571428571427, 0.15384615384615385, 0.08333333333333333]",0.6270890852730561,0.6818181818181818,15.0,22.0
gpt_one_example,10_8,1.0,"[1.0, 1.0, 1.0, 1.0]",1.0,1.0,6.0,6.0
gpt_one_example,10_9,0.6434588841607617,"[0.8571428571428571, 0.6666666666666666, 0.6, 0.5]",1.0,1.1666666666666667,7.0,6.0
gpt_one_example,10_10,0.13920127493549467,"[0.6470588235294118, 0.25, 0.13333333333333333, 0.07142857142857142]",0.7026185226629954,0.7391304347826086,17.0,23.0
gpt_one_example,10_11,1.0,"[1.0, 1.0, 1.0, 1.0]",1.0,1.0,6.0,6.0
gpt_one_example,10_12,0.13114645124763522,"[0.5333333333333333, 0.21428571428571427, 0.15384615384615385, 0.08333333333333333]",0.6703200460356393,0.7142857142857143,15.0,21.0
gpt_one_example,10_13,0.0,"[0.6428571428571429, 0.38461538461538464, 0.16666666666666666, 0.0]",0.6065306597126334,0.6666666666666666,14.0,21.0
gpt_one_example,11_0,0.10721083058622011,"[0.8850574712643678, 0.4069767441860465, 0.15294117647058825, 0.047619047619047616]",0.47372588001362376,0.5723684210526315,87.0,152.0
gpt_one_example,11_1,1.0,"[1.0, 1.0, 1.0, 1.0]",1.0,1.0,6.0,6.0
gpt_one_example,11_2,1.0,"[1.0, 1.0, 1.0, 1.0]",1.0,1.0,6.0,6.0
gpt_one_example,11_3,0.0,"[0.6666666666666666, 0.2857142857142857, 0.15384615384615385, 0.0]",0.6703200460356393,0.7142857142857143,15.0,21.0
gpt_one_example,11_4,1.0,"[1.0, 1.0, 1.0, 1.0]",1.0,1.0,6.0,6.0
gpt_one_example,11_5,0.0,"[0.5, 0.13333333333333333, 0.0, 0.0]",0.6872892787909722,0.7272727272727273,16.0,22.0
gpt_one_example,11_6,1.0,"[1.0, 1.0, 1.0, 1.0]",1.0,1.0,6.0,6.0
gpt_one_example,11_7,1.0,"[1.0, 1.0, 1.0, 1.0]",1.0,1.0,6.0,6.0
gpt_one_example,11_8,1.0,"[1.0, 1.0, 1.0, 1.0]",1.0,1.0,7.0,7.0
gpt_one_example,11_9,0.6731821382417487,"[1.0, 0.8, 0.75, 0.6666666666666666]",0.846481724890614,0.8571428571428571,6.0,7.0
gpt_one_example,11_10,0.0,"[0.8333333333333334, 0.6, 0.25, 0.0]",1.0,1.0,6.0,6.0
gpt_one_example,11_11,0.0,"[0.4117647058823529, 0.125, 0.0, 0.0]",0.6624801353939264,0.7083333333333334,17.0,24.0
gpt_one_example,11_12,1.0,"[1.0, 1.0, 1.0, 1.0]",1.0,1.0,7.0,7.0
gpt_one_example,11_13,1.0,"[1.0, 1.0, 1.0, 1.0]",1.0,1.0,7.0,7.0
gpt_one_example,12_0,0.15505267033085365,"[0.9166666666666666, 0.47368421052631576, 0.2127659574468085, 0.06451612903225806]",0.558035145770047,0.631578947368421,96.0,152.0
gpt_one_example,12_1,0.0,"[0.6, 0.21428571428571427, 0.07692307692307693, 0.0]",0.4493289641172217,0.5555555555555556,15.0,27.0
gpt_one_example,12_2,0.0,"[0.3, 0.0, 0.0, 0.0]",0.36787944117144233,0.5,10.0,20.0
gpt_one_example,12_3,0.6434588841607617,"[0.8571428571428571, 0.6666666666666666, 0.6, 0.5]",1.0,1.1666666666666667,7.0,6.0
gpt_one_example,12_4,0.0,"[0.6666666666666666, 0.4, 0.25, 0.0]",1.0,1.2,6.0,5.0
gpt_one_example,12_5,0.0,"[0.625, 0.2857142857142857, 0.0, 0.0]",1.0,1.3333333333333333,8.0,6.0
gpt_one_example,12_6,0.1764309628429566,"[0.5238095238095238, 0.3, 0.21052631578947367, 0.1111111111111111]",0.7165313105737893,0.75,21.0,28.0
gpt_one_example,12_7,0.0,"[0.56, 0.16666666666666666, 0.0, 0.0]",0.8869204367171576,0.8928571428571429,25.0,28.0
gpt_one_example,12_8,0.0,"[0.625, 0.26666666666666666, 0.0, 0.0]",0.6065306597126334,0.6666666666666666,16.0,24.0
gpt_one_example,12_9,0.0,"[0.4166666666666667, 0.18181818181818182, 0.1, 0.0]",0.43459820850707814,0.5454545454545454,12.0,22.0
gpt_one_example,12_10,0.6434588841607617,"[0.8571428571428571, 0.6666666666666666, 0.6, 0.5]",1.0,1.0,7.0,7.0
gpt_one_example,12_11,0.6434588841607617,"[0.8571428571428571, 0.6666666666666666, 0.6, 0.5]",1.0,1.0,7.0,7.0
gpt_one_example,12_12,0.0,"[0.6666666666666666, 0.23529411764705882, 0.0625, 0.0]",0.6778095780054504,0.72,18.0,25.0
gpt_one_example,12_13,0.0,"[0.4117647058823529, 0.1875, 0.0, 0.0]",0.6624801353939264,0.7083333333333334,17.0,24.0
gpt_one_example,13_0,0.22162190494298475,"[0.8901098901098901, 0.5555555555555556, 0.34831460674157305, 0.20454545454545456]",0.5115399104548436,0.5986842105263158,91.0,152.0
gpt_one_example,13_1,1.0,"[1.0, 1.0, 1.0, 1.0]",1.0,1.0,7.0,7.0
gpt_one_example,13_2,1.0,"[1.0, 1.0, 1.0, 1.0]",1.0,1.0,8.0,8.0
gpt_one_example,13_3,0.0,"[0.2631578947368421, 0.05555555555555555, 0.0, 0.0]",0.729212952525235,0.76,19.0,25.0
gpt_one_example,13_4,1.0,"[1.0, 1.0, 1.0, 1.0]",1.0,1.0,7.0,7.0
gpt_one_example,13_5,0.0,"[0.5454545454545454, 0.2857142857142857, 0.1, 0.0]",0.9131007162822622,0.9166666666666666,22.0,24.0
gpt_one_example,13_6,0.0,"[0.35714285714285715, 0.07692307692307693, 0.0, 0.0]",0.6514390575310556,0.7,14.0,20.0
gpt_one_example,13_7,1.0,"[1.0, 1.0, 1.0, 1.0]",1.0,1.0,7.0,7.0
gpt_one_example,13_8,1.0,"[1.0, 1.0, 1.0, 1.0]",1.0,1.0,8.0,8.0
gpt_one_example,13_9,0.0,"[0.5652173913043478, 0.2727272727272727, 0.047619047619047616, 0.0]",0.9167169520254864,0.92,23.0,25.0
gpt_one_example,13_10,0.008966268257436799,"[1.0, 1.0, 1.0, 1.0]",0.008966268257436799,0.175,7.0,40.0
gpt_one_example,13_11,0.2186597437352254,"[0.6428571428571429, 0.38461538461538464, 0.3333333333333333, 0.2727272727272727]",0.5647181220077593,0.6363636363636364,14.0,22.0
gpt_one_example,13_12,0.06014475210744869,"[0.7419354838709677, 0.23333333333333334, 0.06896551724137931, 0.03571428571428571]",0.4185463083804131,0.5344827586206896,31.0,58.0
gpt_one_example,13_13,0.6514390575310556,"[1.0, 1.0, 1.0, 1.0]",0.6514390575310556,0.7,7.0,10.0
gpt_one_example,14_0,0.06664238229079184,"[0.26605504587155965, 0.10185185185185185, 0.07476635514018691, 0.04716981132075472]",0.6740200553205584,0.7171052631578947,109.0,152.0
gpt_one_example,14_1,1.0,"[1.0, 1.0, 1.0, 1.0]",1.0,1.0,7.0,7.0
gpt_one_example,14_2,0.22391531143331636,"[0.6363636363636364, 0.42857142857142855, 0.25, 0.15789473684210525]",0.6951439283988786,0.7333333333333333,22.0,30.0
gpt_one_example,14_3,0.18983601756374185,"[0.6875, 0.4, 0.21428571428571427, 0.07692307692307693]",0.7316156289466418,0.7619047619047619,16.0,21.0
gpt_one_example,14_4,1.0,"[1.0, 1.0, 1.0, 1.0]",1.0,1.0,6.0,6.0
gpt_one_example,14_5,1.0,"[1.0, 1.0, 1.0, 1.0]",1.0,1.0,6.0,6.0
gpt_one_example,14_6,0.6731821382417487,"[1.0, 0.8, 0.75, 0.6666666666666666]",0.846481724890614,0.8571428571428571,6.0,7.0
gpt_one_example,14_7,0.17013724720724008,"[0.56, 0.375, 0.21739130434782608, 0.09090909090909091]",0.6703200460356393,0.7142857142857143,25.0,35.0
gpt_one_example,14_8,0.13183728840901174,"[0.5333333333333333, 0.2857142857142857, 0.15384615384615385, 0.08333333333333333]",0.6270890852730561,0.6818181818181818,15.0,22.0
gpt_one_example,14_9,0.11369407413223566,"[0.4375, 0.2, 0.14285714285714285, 0.07692307692307693]",0.645648526427892,0.6956521739130435,16.0,23.0
gpt_one_example,14_10,1.0,"[1.0, 1.0, 1.0, 1.0]",1.0,1.0,6.0,6.0
gpt_one_example,14_11,0.0,"[0.55, 0.15789473684210525, 0.0, 0.0]",0.7046880897187133,0.7407407407407407,20.0,27.0
gpt_one_example,14_12,0.0,"[0.8333333333333334, 0.6, 0.25, 0.0]",1.0,1.0,6.0,6.0
gpt_one_example,14_13,1.0,"[1.0, 1.0, 1.0, 1.0]",1.0,1.0,6.0,6.0
gpt_one_example,15_0,0.10679080999619105,"[0.9125, 0.4177215189873418, 0.19230769230769232, 0.06493506493506493]",0.40656965974059905,0.5263157894736842,80.0,152.0
gpt_one_example,15_1,0.0983702091376163,"[0.43478260869565216, 0.18181818181818182, 0.09523809523809523, 0.05]",0.7062216866978064,0.7419354838709677,23.0,31.0
gpt_one_example,15_2,1.0,"[1.0, 1.0, 1.0, 1.0]",1.0,1.0,6.0,6.0
gpt_one_example,15_3,1.0,"[1.0, 1.0, 1.0, 1.0]",1.0,1.0,6.0,6.0
gpt_one_example,15_4,1.0,"[1.0, 1.0, 1.0, 1.0]",1.0,1.0,6.0,6.0
gpt_one_example,15_5,1.0,"[1.0, 1.0, 1.0, 1.0]",1.0,1.0,7.0,7.0
gpt_one_example,15_6,0.0,"[0.4, 0.21052631578947367, 0.05555555555555555, 0.0]",0.6376281516217733,0.6896551724137931,20.0,29.0
gpt_one_example,15_7,1.0,"[1.0, 1.0, 1.0, 1.0]",1.0,1.0,6.0,6.0
gpt_one_example,15_8,0.0,"[0.5217391304347826, 0.2727272727272727, 0.09523809523809523, 0.0]",1.0,1.0,23.0,23.0
gpt_one_example,15_9,1.0,"[1.0, 1.0, 1.0, 1.0]",1.0,1.0,6.0,6.0
gpt_one_example,15_10,0.0,"[0.8333333333333334, 0.6, 0.25, 0.0]",1.0,1.0,6.0,6.0
gpt_one_example,15_11,1.0,"[1.0, 1.0, 1.0, 1.0]",1.0,1.0,6.0,6.0
gpt_one_example,15_12,1.0,"[1.0, 1.0, 1.0, 1.0]",1.0,1.0,6.0,6.0
gpt_one_example,15_13,0.1862675747923757,"[0.5185185185185185, 0.2692307692307692, 0.12, 0.08333333333333333]",0.9636404443012863,0.9642857142857143,27.0,28.0
gpt_one_example,16_0,0.06719375848819563,"[0.17045454545454544, 0.08, 0.05172413793103448, 0.028901734104046242]",1.0,1.1578947368421053,176.0,152.0
gpt_one_example,16_1,0.4715455630189013,"[0.7777777777777778, 0.6153846153846154, 0.52, 0.4166666666666667]",0.830950389901292,0.84375,27.0,32.0
gpt_one_example,16_2,0.0,"[0.5, 0.26666666666666666, 0.14285714285714285, 0.0]",0.8290291181804004,0.8421052631578947,16.0,19.0
gpt_one_example,16_3,0.17426070050712192,"[0.5294117647058824, 0.3125, 0.2, 0.07142857142857142]",0.7903383629814982,0.8095238095238095,17.0,21.0
gpt_one_example,16_4,1.0,"[1.0, 1.0, 1.0, 1.0]",1.0,1.0,7.0,7.0
gpt_one_example,16_5,1.0,"[1.0, 1.0, 1.0, 1.0]",1.0,1.0,8.0,8.0
gpt_one_example,16_6,1.0,"[1.0, 1.0, 1.0, 1.0]",1.0,1.0,7.0,7.0
gpt_one_example,16_7,1.0,"[1.0, 1.0, 1.0, 1.0]",1.0,1.0,6.0,6.0
gpt_one_example,16_8,0.24078435074822624,"[0.47058823529411764, 0.25, 0.2, 0.14285714285714285]",1.0,1.0,17.0,17.0
gpt_one_example,16_9,1.0,"[1.0, 1.0, 1.0, 1.0]",1.0,1.0,7.0,7.0
gpt_one_example,16_10,1.0,"[1.0, 1.0, 1.0, 1.0]",1.0,1.0,7.0,7.0
gpt_one_example,16_11,1.0,"[1.0, 1.0, 1.0, 1.0]",1.0,1.0,7.0,7.0
gpt_one_example,16_12,0.18406858172818355,"[0.5333333333333333, 0.27586206896551724, 0.17857142857142858, 0.1111111111111111]",0.7918895663367818,0.8108108108108109,30.0,37.0
gpt_one_example,16_13,0.6434588841607617,"[0.8571428571428571, 0.6666666666666666, 0.6, 0.5]",1.0,1.0,7.0,7.0
gpt_one_example,17_0,0.17069479351034744,"[0.8717948717948718, 0.4224137931034483, 0.17391304347826086, 0.043859649122807015]",0.7414516693140943,0.7697368421052632,117.0,152.0
gpt_one_example,17_1,1.0,"[1.0, 1.0, 1.0, 1.0]",1.0,1.0,8.0,8.0
gpt_one_example,17_2,0.0,"[0.4666666666666667, 0.14285714285714285, 0.0, 0.0]",0.6270890852730561,0.6818181818181818,15.0,22.0
gpt_one_example,17_3,0.0,"[0.42857142857142855, 0.15384615384615385, 0.08333333333333333, 0.0]",0.6996725373751302,0.7368421052631579,14.0,19.0
gpt_one_example,17_4,0.0,"[0.8571428571428571, 0.6666666666666666, 0.4, 0.0]",1.0,1.0,7.0,7.0
gpt_one_example,17_5,0.21742452721667155,"[0.6190476190476191, 0.4, 0.21052631578947367, 0.1111111111111111]",0.788127627745311,0.8076923076923077,21.0,26.0
gpt_one_example,17_6,1.0,"[1.0, 1.0, 1.0, 1.0]",1.0,1.0,7.0,7.0
gpt_one_example,17_7,0.2808638674564603,"[0.5882352941176471, 0.375, 0.26666666666666666, 0.21428571428571427]",0.8382234324229999,0.85,17.0,20.0
gpt_one_example,17_8,0.0,"[0.3333333333333333, 0.0, 0.0, 0.0]",0.513417119032592,0.6,9.0,15.0
gpt_one_example,17_9,0.32700290934087334,"[0.6521739130434783, 0.4090909090909091, 0.2857142857142857, 0.15]",1.0,1.0,23.0,23.0
gpt_one_example,17_10,1.0,"[1.0, 1.0, 1.0, 1.0]",1.0,1.0,7.0,7.0
gpt_one_example,17_11,1.0,"[1.0, 1.0, 1.0, 1.0]",1.0,1.0,7.0,7.0
gpt_one_example,17_12,0.16215682948162674,"[0.5882352941176471, 0.25, 0.13333333333333333, 0.07142857142857142]",0.8382234324229999,0.85,17.0,20.0
gpt_one_example,17_13,0.0,"[0.5333333333333333, 0.21428571428571427, 0.0, 0.0]",0.7659283383646487,0.7894736842105263,15.0,19.0
gpt_one_example,18_0,0.3960391000226417,"[0.900990099009901, 0.72, 0.5959595959595959, 0.47959183673469385]",0.6035354526802054,0.6644736842105263,101.0,152.0
gpt_one_example,18_1,1.0,"[1.0, 1.0, 1.0, 1.0]",1.0,1.0,6.0,6.0
gpt_one_example,18_2,1.0,"[1.0, 1.0, 1.0, 1.0]",1.0,1.0,7.0,7.0
gpt_one_example,18_3,1.0,"[1.0, 1.0, 1.0, 1.0]",1.0,1.0,7.0,7.0
gpt_one_example,18_4,0.1233835880383803,"[0.4782608695652174, 0.2727272727272727, 0.14285714285714285, 0.05]",0.7062216866978064,0.7419354838709677,23.0,31.0
gpt_one_example,18_5,1.0,"[1.0, 1.0, 1.0, 1.0]",1.0,1.0,6.0,6.0
gpt_one_example,18_6,0.0,"[0.8333333333333334, 0.6, 0.25, 0.0]",1.0,1.0,6.0,6.0
gpt_one_example,18_7,0.12064331421131709,"[0.4444444444444444, 0.19230769230769232, 0.08, 0.041666666666666664]",0.9286029058931802,0.9310344827586207,27.0,29.0
gpt_one_example,18_8,0.0,"[0.5185185185185185, 0.15384615384615385, 0.04, 0.0]",0.7716229467154109,0.7941176470588235,27.0,34.0
gpt_one_example,18_9,1.0,"[1.0, 1.0, 1.0, 1.0]",1.0,1.0,6.0,6.0
gpt_one_example,18_10,0.23957589651480093,"[0.5909090909090909, 0.38095238095238093, 0.2, 0.10526315789473684]",0.9131007162822622,0.9166666666666666,22.0,24.0
gpt_one_example,18_11,0.09331639814928933,"[0.35294117647058826, 0.1875, 0.13333333333333333, 0.07142857142857142]",0.5889513097505535,0.6538461538461539,17.0,26.0
gpt_one_example,18_12,0.16219748681741689,"[0.5, 0.26666666666666666, 0.14285714285714285, 0.07692307692307693]",0.8290291181804004,0.8421052631578947,16.0,19.0
gpt_one_example,18_13,0.1558737358526109,"[0.5625, 0.3333333333333333, 0.14285714285714285, 0.07692307692307693]",0.7316156289466418,0.7619047619047619,16.0,21.0
gpt_one_example,19_0,0.34911631474117155,"[0.8723404255319149, 0.5071428571428571, 0.28776978417266186, 0.15942028985507245]",0.9249513065738011,0.9276315789473685,141.0,152.0
gpt_one_example,19_1,1.0,"[1.0, 1.0, 1.0, 1.0]",1.0,1.0,6.0,6.0
gpt_one_example,19_2,1.0,"[1.0, 1.0, 1.0, 1.0]",1.0,1.0,6.0,6.0
gpt_one_example,19_3,1.0,"[1.0, 1.0, 1.0, 1.0]",1.0,1.0,6.0,6.0
gpt_one_example,19_4,1.0,"[1.0, 1.0, 1.0, 1.0]",1.0,1.0,7.0,7.0
gpt_one_example,19_5,1.0,"[1.0, 1.0, 1.0, 1.0]",1.0,1.0,6.0,6.0
gpt_one_example,19_6,0.12731055415615405,"[0.6153846153846154, 0.32, 0.16666666666666666, 0.043478260869565216]",0.6550282443857737,0.7027027027027027,26.0,37.0
gpt_one_example,19_7,0.1593070289707668,"[0.5909090909090909, 0.2857142857142857, 0.15, 0.05263157894736842]",0.8337529180751805,0.8461538461538461,22.0,26.0
gpt_one_example,19_8,0.0,"[0.47058823529411764, 0.0625, 0.0, 0.0]",0.7903383629814982,0.8095238095238095,17.0,21.0
gpt_one_example,19_9,1.0,"[1.0, 1.0, 1.0, 1.0]",1.0,1.0,6.0,6.0
gpt_one_example,19_10,1.0,"[1.0, 1.0, 1.0, 1.0]",1.0,1.0,6.0,6.0
gpt_one_example,19_11,0.23194742473888927,"[0.68, 0.375, 0.21739130434782608, 0.13636363636363635]",0.7866278610665535,0.8064516129032258,25.0,31.0
gpt_one_example,19_12,1.0,"[1.0, 1.0, 1.0, 1.0]",1.0,1.0,6.0,6.0
gpt_one_example,19_13,0.0,"[0.7333333333333333, 0.21428571428571427, 0.07692307692307693, 0.0]",0.7165313105737893,0.75,15.0,20.0
gpt_one_example,20_0,0.28443203486376484,"[0.898989898989899, 0.5918367346938775, 0.4020618556701031, 0.2604166666666667]",0.5854622719415307,0.6513157894736842,99.0,152.0
gpt_one_example,20_1,1.0,"[1.0, 1.0, 1.0, 1.0]",1.0,1.0,6.0,6.0
gpt_one_example,20_2,1.0,"[1.0, 1.0, 1.0, 1.0]",1.0,1.0,6.0,6.0
gpt_one_example,20_3,1.0,"[1.0, 1.0, 1.0, 1.0]",1.0,1.0,7.0,7.0
gpt_one_example,20_4,1.0,"[1.0, 1.0, 1.0, 1.0]",1.0,1.0,6.0,6.0
gpt_one_example,20_5,0.0,"[0.4, 0.05263157894736842, 0.0, 0.0]",0.7788007830714049,0.8,20.0,25.0
gpt_one_example,20_6,0.16345007007329007,"[0.6875, 0.2, 0.14285714285714285, 0.07692307692307693]",0.8290291181804004,0.8421052631578947,16.0,19.0
gpt_one_example,20_7,1.0,"[1.0, 1.0, 1.0, 1.0]",1.0,1.0,7.0,7.0
gpt_one_example,20_8,1.0,"[1.0, 1.0, 1.0, 1.0]",1.0,1.0,7.0,7.0
gpt_one_example,20_9,0.2299662499098929,"[0.6666666666666666, 0.35, 0.15789473684210525, 0.1111111111111111]",0.909156442876713,0.9130434782608695,21.0,23.0
gpt_one_example,20_10,0.0,"[0.5625, 0.26666666666666666, 0.07142857142857142, 0.0]",0.6872892787909722,0.7272727272727273,16.0,22.0
gpt_one_example,20_11,1.0,"[1.0, 1.0, 1.0, 1.0]",1.0,1.0,7.0,7.0
gpt_one_example,20_12,1.0,"[1.0, 1.0, 1.0, 1.0]",1.0,1.0,6.0,6.0
gpt_one_example,20_13,0.2678761477775957,"[0.75, 0.4666666666666667, 0.2857142857142857, 0.23076923076923078]",0.6872892787909722,0.7272727272727273,16.0,22.0
claude_refine_complex,1_0,0.29951392388250997,"[0.8764044943820225, 0.6704545454545454, 0.5402298850574713, 0.43023255813953487]",0.4926948960943648,0.5855263157894737,89.0,152.0
claude_refine_complex,1_1,1.0,"[1.0, 1.0, 1.0, 1.0]",1.0,1.0,7.0,7.0
claude_refine_complex,1_2,1.0,"[1.0, 1.0, 1.0, 1.0]",1.0,1.0,7.0,7.0
claude_refine_complex,1_3,0.0,"[0.38461538461538464, 0.12, 0.041666666666666664, 0.0]",0.9622687143632572,0.9629629629629629,26.0,27.0
claude_refine_complex,1_4,0.0,"[0.09090909090909091, 0.0, 0.0, 0.0]",0.5292133415000504,0.6111111111111112,11.0,18.0
claude_refine_complex,1_5,1.0,"[1.0, 1.0, 1.0, 1.0]",1.0,1.0,6.0,6.0
claude_refine_complex,1_6,1.0,"[1.0, 1.0, 1.0, 1.0]",1.0,1.0,7.0,7.0
claude_refine_complex,1_7,1.0,"[1.0, 1.0, 1.0, 1.0]",1.0,1.0,7.0,7.0
claude_refine_complex,1_8,1.0,"[1.0, 1.0, 1.0, 1.0]",1.0,1.0,7.0,7.0
claude_refine_complex,1_9,0.17038989823392095,"[0.4166666666666667, 0.21739130434782608, 0.13636363636363635, 0.09523809523809523]",0.9200444146293233,0.9230769230769231,24.0,26.0
claude_refine_complex,1_10,0.0,"[0.2777777777777778, 0.0, 0.0, 0.0]",0.9459594689067654,0.9473684210526315,18.0,19.0
claude_refine_complex,1_11,0.0,"[0.2727272727272727, 0.047619047619047616, 0.0, 0.0]",1.0,1.0,22.0,22.0
claude_refine_complex,1_12,0.7598356856515925,"[0.8333333333333334, 0.8, 0.75, 0.6666666666666666]",1.0,1.0,6.0,6.0
claude_refine_complex,1_13,0.0,"[0.14583333333333334, 0.02127659574468085, 0.0, 0.0]",1.0,1.7142857142857142,48.0,28.0
claude_refine_complex,2_0,0.2453974289808844,"[0.9140625, 0.4409448818897638, 0.1984126984126984, 0.096]",0.8290291181804004,0.8421052631578947,128.0,152.0
claude_refine_complex,2_1,0.0,"[0.0, 0.0, 0.0, 0.0]",0.36787944117144233,0.5,1.0,2.0
claude_refine_complex,2_2,0.0,"[0.36363636363636365, 0.047619047619047616, 0.0, 0.0]",0.7613003866968737,0.7857142857142857,22.0,28.0
claude_refine_complex,2_3,0.0,"[0.4117647058823529, 0.0, 0.0, 0.0]",0.7026185226629954,0.7391304347826086,17.0,23.0
claude_refine_complex,2_4,0.0,"[0.55, 0.21052631578947367, 0.05555555555555555, 0.0]",1.0,1.0,20.0,20.0
claude_refine_complex,2_5,1.0,"[1.0, 1.0, 1.0, 1.0]",1.0,1.0,6.0,6.0
claude_refine_complex,2_6,0.1297096257147368,"[0.42857142857142855, 0.2, 0.10526315789473684, 0.05555555555555555]",0.8668778997501817,0.875,21.0,24.0
claude_refine_complex,2_7,0.0,"[0.4, 0.15789473684210525, 0.0, 0.0]",1.0,1.0,20.0,20.0
claude_refine_complex,2_8,0.0,"[0.38095238095238093, 0.1, 0.0, 0.0]",0.8668778997501817,0.875,21.0,24.0
claude_refine_complex,2_9,0.5410822690539396,"[0.75, 0.5714285714285714, 0.5, 0.4]",1.0,1.3333333333333333,8.0,6.0
claude_refine_complex,2_10,0.0,"[0.6666666666666666, 0.2, 0.0, 0.0]",1.0,1.0,6.0,6.0
claude_refine_complex,2_11,0.15007728487858985,"[0.55, 0.21052631578947367, 0.1111111111111111, 0.058823529411764705]",0.9048374180359595,0.9090909090909091,20.0,22.0
claude_refine_complex,2_12,0.20763951311414872,"[0.55, 0.21052631578947367, 0.16666666666666666, 0.11764705882352941]",0.951229424500714,0.9523809523809523,20.0,21.0
claude_refine_complex,2_13,1.0,"[1.0, 1.0, 1.0, 1.0]",1.0,1.0,6.0,6.0
claude_refine_complex,2_14,0.13737279171076758,"[0.37037037037037035, 0.19230769230769232, 0.12, 0.041666666666666664]",1.0,1.08,27.0,25.0
claude_refine_complex,3_0,0.09020437920684443,"[0.9137931034482759, 0.5789473684210527, 0.375, 0.21818181818181817]",0.19776226427407143,0.3815789473684211,58.0,152.0
claude_refine_complex,3_1,0.0,"[0.27586206896551724, 0.07142857142857142, 0.0, 0.0]",1.0,1.3181818181818181,29.0,22.0
claude_refine_complex,3_2,0.0,"[0.39285714285714285, 0.14814814814814814, 0.07692307692307693, 0.0]",1.0,1.1666666666666667,28.0,24.0
claude_refine_complex,3_3,0.0,"[0.47058823529411764, 0.25, 0.06666666666666667, 0.0]",0.7026185226629954,0.7391304347826086,17.0,23.0
claude_refine_complex,3_4,1.0,"[1.0, 1.0, 1.0, 1.0]",1.0,1.0,6.0,6.0
claude_refine_complex,3_5,1.0,"[1.0, 1.0, 1.0, 1.0]",1.0,1.0,7.0,7.0
claude_refine_complex,3_6,0.0,"[0.5714285714285714, 0.25, 0.10526315789473684, 0.0]",1.0,1.05,21.0,20.0
claude_refine_complex,3_7,0.0,"[0.36666666666666664, 0.1724137931034483, 0.07142857142857142, 0.0]",1.0,1.0344827586206897,30.0,29.0
claude_refine_complex,3_8,0.16923267918690046,"[0.5454545454545454, 0.2857142857142857, 0.1, 0.05263157894736842]",1.0,1.0,22.0,22.0
claude_refine_complex,3_9,0.7598356856515925,"[0.8333333333333334, 0.8, 0.75, 0.6666666666666666]",1.0,1.0,6.0,6.0
claude_refine_complex,3_10,0.0,"[0.20833333333333334, 0.043478260869565216, 0.0, 0.0]",1.0,1.0,24.0,24.0
claude_refine_complex,3_11,0.15989214998944032,"[0.4444444444444444, 0.17647058823529413, 0.125, 0.06666666666666667]",1.0,1.0,18.0,18.0
claude_refine_complex,3_12,0.0,"[0.2631578947368421, 0.05555555555555555, 0.0, 0.0]",0.9487294800164372,0.95,19.0,20.0
claude_refine_complex,3_13,0.0,"[0.5714285714285714, 0.3333333333333333, 0.0, 0.0]",1.0,1.1666666666666667,7.0,6.0
claude_refine_complex,4_0,0.10856506008907038,"[0.9130434782608695, 0.5441176470588235, 0.2835820895522388, 0.12121212121212122]",0.30032244924551166,0.45394736842105265,69.0,152.0
claude_refine_complex,4_1,0.0,"[0.6666666666666666, 0.4, 0.0, 0.0]",1.0,1.0,6.0,6.0
claude_refine_complex,4_2,0.0,"[0.43478260869565216, 0.18181818181818182, 0.047619047619047616, 0.0]",1.0,1.0,23.0,23.0
claude_refine_complex,4_3,0.0,"[0.34615384615384615, 0.12, 0.0, 0.0]",1.0,1.1304347826086956,26.0,23.0
claude_refine_complex,4_4,0.7598356856515925,"[0.8333333333333334, 0.8, 0.75, 0.6666666666666666]",1.0,1.0,6.0,6.0
claude_refine_complex,4_5,0.0,"[0.8333333333333334, 0.6, 0.25, 0.0]",1.0,1.0,6.0,6.0
claude_refine_complex,4_6,0.0,"[0.32, 0.08333333333333333, 0.043478260869565216, 0.0]",0.9231163463866358,0.9259259259259259,25.0,27.0
claude_refine_complex,4_7,0.24833177625142802,"[0.7272727272727273, 0.6, 0.4444444444444444, 0.25]",0.5292133415000504,0.6111111111111112,11.0,18.0
claude_refine_complex,4_8,1.0,"[1.0, 1.0, 1.0, 1.0]",1.0,1.0,6.0,6.0
claude_refine_complex,4_9,0.0,"[0.5555555555555556, 0.375, 0.14285714285714285, 0.0]",1.0,1.2857142857142858,9.0,7.0
claude_refine_complex,4_10,0.488923022434901,"[0.8571428571428571, 0.6666666666666666, 0.4, 0.25]",1.0,1.0,7.0,7.0
claude_refine_complex,4_11,0.0,"[0.5, 0.2, 0.07142857142857142, 0.0]",0.6065306597126334,0.6666666666666666,16.0,24.0
claude_refine_complex,4_12,0.0,"[0.25925925925925924, 0.038461538461538464, 0.0, 0.0]",1.0,1.125,27.0,24.0
claude_refine_complex,4_13,0.45691722266180906,"[0.8571428571428571, 0.8333333333333334, 0.8, 0.75]",0.5647181220077593,0.6363636363636364,7.0,11.0
claude_refine_complex,5_0,0.14371153170807238,"[0.8979591836734694, 0.35051546391752575, 0.16666666666666666, 0.07368421052631578]",0.5763613863515786,0.6447368421052632,98.0,152.0
claude_refine_complex,5_1,0.0,"[1.0, 0.0, 0.0, 0.0]",1.0,1.0,1.0,1.0
claude_refine_complex,5_2,0.0,"[0.391304347826087, 0.045454545454545456, 0.0, 0.0]",0.7376042638218265,0.7666666666666667,23.0,30.0
claude_refine_complex,5_3,0.0,"[0.2727272727272727, 0.09523809523809523, 0.0, 0.0]",0.7274705090242835,0.7586206896551724,22.0,29.0
claude_refine_complex,5_4,0.0,"[0.13636363636363635, 0.0, 0.0, 0.0]",0.9555630362682843,0.9565217391304348,22.0,23.0
claude_refine_complex,5_5,0.0,"[0.38095238095238093, 0.2, 0.05263157894736842, 0.0]",1.0,1.0,21.0,21.0
claude_refine_complex,5_6,0.0,"[0.3, 0.05263157894736842, 0.0, 0.0]",0.951229424500714,0.9523809523809523,20.0,21.0
claude_refine_complex,5_7,0.6434588841607617,"[0.8571428571428571, 0.6666666666666666, 0.6, 0.5]",1.0,1.0,7.0,7.0
claude_refine_complex,5_8,0.0,"[0.42857142857142855, 0.15, 0.05263157894736842, 0.0]",0.7165313105737893,0.75,21.0,28.0
claude_refine_complex,5_9,0.0,"[0.391304347826087, 0.09090909090909091, 0.0, 0.0]",0.9167169520254864,0.92,23.0,25.0
claude_refine_complex,5_10,1.0,"[1.0, 1.0, 1.0, 1.0]",1.0,1.0,6.0,6.0
claude_refine_complex,5_11,0.0,"[0.17647058823529413, 0.0, 0.0, 0.0]",0.7026185226629954,0.7391304347826086,17.0,23.0
claude_refine_complex,5_12,0.0,"[0.4, 0.15789473684210525, 0.05555555555555555, 0.0]",0.8607079764250577,0.8695652173913043,20.0,23.0
claude_refine_complex,5_13,0.0,"[0.2857142857142857, 0.1, 0.0, 0.0]",1.0,1.1666666666666667,21.0,18.0
claude_refine_complex,5_14,0.17524175677251608,"[0.56, 0.16666666666666666, 0.13043478260869565, 0.09090909090909091]",0.9607894391523232,0.9615384615384616,25.0,26.0
claude_refine_complex,6_0,0.10966569000805736,"[0.8985507246376812, 0.5147058823529411, 0.2537313432835821, 0.15151515151515152]",0.30032244924551166,0.45394736842105265,69.0,152.0
claude_refine_complex,6_1,0.0,"[0.0, 0.0, 0.0, 0.0]",1.0,48.0,48.0,1.0
claude_refine_complex,6_2,0.4064458257395656,"[0.6666666666666666, 0.5, 0.3684210526315789, 0.2222222222222222]",1.0,1.0,21.0,21.0
claude_refine_complex,6_3,0.0,"[0.4, 0.10526315789473684, 0.0, 0.0]",0.951229424500714,0.9523809523809523,20.0,21.0
claude_refine_complex,6_4,0.0,"[0.4375, 0.13333333333333333, 0.0, 0.0]",1.0,1.1428571428571428,16.0,14.0
claude_refine_complex,6_5,0.0,"[0.3076923076923077, 0.16666666666666666, 0.09090909090909091, 0.0]",0.7351414805916845,0.7647058823529411,13.0,17.0
claude_refine_complex,6_6,0.6434588841607617,"[0.8571428571428571, 0.6666666666666666, 0.6, 0.5]",1.0,1.0,7.0,7.0
claude_refine_complex,6_7,0.0,"[0.46153846153846156, 0.16666666666666666, 0.09090909090909091, 0.0]",0.5404329964865341,0.6190476190476191,13.0,21.0
claude_refine_complex,6_8,0.0,"[0.42857142857142855, 0.16666666666666666, 0.0, 0.0]",1.0,1.0,7.0,7.0
claude_refine_complex,6_9,0.42383656282787796,"[0.8571428571428571, 0.6666666666666666, 0.4, 0.25]",0.8668778997501817,0.875,7.0,8.0
claude_refine_complex,6_10,0.0,"[0.375, 0.06666666666666667, 0.0, 0.0]",0.645648526427892,0.6956521739130435,16.0,23.0
claude_refine_complex,6_11,0.0,"[0.2777777777777778, 0.11764705882352941, 0.0, 0.0]",0.9459594689067654,0.9473684210526315,18.0,19.0
claude_refine_complex,6_12,0.0,"[0.4, 0.07142857142857142, 0.0, 0.0]",0.8751733190429475,0.8823529411764706,15.0,17.0
claude_refine_complex,6_13,0.3155984539112945,"[0.5555555555555556, 0.375, 0.2857142857142857, 0.16666666666666666]",1.0,1.2857142857142858,9.0,7.0
claude_refine_complex,6_14,0.0,"[0.3125, 0.13333333333333333, 0.07142857142857142, 0.0]",0.7316156289466418,0.7619047619047619,16.0,21.0
claude_refine_complex,7_0,0.11742031895402097,"[0.8354430379746836, 0.3974358974358974, 0.19480519480519481, 0.11842105263157894]",0.3969080517068859,0.5197368421052632,79.0,152.0
claude_refine_complex,7_1,0.0,"[0.5, 0.2, 0.0, 0.0]",1.0,1.0,6.0,6.0
claude_refine_complex,7_2,0.0,"[0.2962962962962963, 0.07692307692307693, 0.0, 0.0]",1.0,1.0,27.0,27.0
claude_refine_complex,7_3,1.0,"[1.0, 1.0, 1.0, 1.0]",1.0,1.0,7.0,7.0
claude_refine_complex,7_4,0.24411219402675574,"[0.55, 0.3684210526315789, 0.2222222222222222, 0.11764705882352941]",0.9048374180359595,0.9090909090909091,20.0,22.0
claude_refine_complex,7_5,0.0,"[0.4444444444444444, 0.25, 0.0, 0.0]",1.0,1.2857142857142858,9.0,7.0
claude_refine_complex,7_6,0.0,"[0.5714285714285714, 0.16666666666666666, 0.0, 0.0]",0.8668778997501817,0.875,7.0,8.0
claude_refine_complex,7_7,1.0,"[1.0, 1.0, 1.0, 1.0]",1.0,1.0,6.0,6.0
claude_refine_complex,7_8,0.1969221590285716,"[0.5714285714285714, 0.3, 0.15789473684210525, 0.05555555555555555]",1.0,1.0,21.0,21.0
claude_refine_complex,7_9,0.0,"[0.6666666666666666, 0.4, 0.0, 0.0]",0.846481724890614,0.8571428571428571,6.0,7.0
claude_refine_complex,7_10,0.6147881529512643,"[0.7142857142857143, 0.6666666666666666, 0.6, 0.5]",1.0,1.0,7.0,7.0
claude_refine_complex,7_11,0.6147881529512643,"[0.7142857142857143, 0.6666666666666666, 0.6, 0.5]",1.0,1.0,7.0,7.0
claude_refine_complex,7_12,0.1198784837114548,"[0.4782608695652174, 0.18181818181818182, 0.09523809523809523, 0.05]",0.8403699701308981,0.8518518518518519,23.0,27.0
claude_refine_complex,7_13,0.0,"[0.2777777777777778, 0.058823529411764705, 0.0, 0.0]",1.0,1.0,18.0,18.0
claude_refine_complex,8_0,0.3770508588661306,"[0.8725490196078431, 0.6732673267326733, 0.55, 0.4444444444444444]",0.6125062831380046,0.6710526315789473,102.0,152.0
claude_refine_complex,8_1,0.7598356856515925,"[0.8333333333333334, 0.8, 0.75, 0.6666666666666666]",1.0,1.0,6.0,6.0
claude_refine_complex,8_2,0.24328221242512443,"[0.4, 0.27586206896551724, 0.21428571428571427, 0.14814814814814814]",1.0,1.1111111111111112,30.0,27.0
claude_refine_complex,8_3,0.0,"[0.4642857142857143, 0.18518518518518517, 0.0, 0.0]",1.0,1.0,28.0,28.0
claude_refine_complex,8_4,0.0,"[0.20833333333333334, 0.08695652173913043, 0.0, 0.0]",1.0,1.0434782608695652,24.0,23.0
claude_refine_complex,8_5,0.0,"[0.28, 0.041666666666666664, 0.0, 0.0]",0.8521437889662112,0.8620689655172413,25.0,29.0
claude_refine_complex,8_6,0.0,"[0.25, 0.0, 0.0, 0.0]",0.6872892787909722,0.7272727272727273,16.0,22.0
claude_refine_complex,8_7,0.0,"[0.19047619047619047, 0.05, 0.0, 0.0]",0.9534969548334766,0.9545454545454546,21.0,22.0
claude_refine_complex,8_8,0.19390343097328136,"[0.5, 0.3333333333333333, 0.2, 0.10526315789473684]",0.7967034698934615,0.8148148148148148,22.0,27.0
claude_refine_complex,8_9,0.1655911376111478,"[0.5, 0.2857142857142857, 0.1, 0.05263157894736842]",1.0,1.0,22.0,22.0
claude_refine_complex,8_10,0.28489318277723963,"[0.5, 0.30434782608695654, 0.22727272727272727, 0.19047619047619047]",1.0,1.0,24.0,24.0
claude_refine_complex,8_11,0.0,"[0.4, 0.20833333333333334, 0.043478260869565216, 0.0]",1.0,1.1363636363636365,25.0,22.0
claude_refine_complex,8_12,0.0,"[0.7142857142857143, 0.5, 0.2, 0.0]",0.5647181220077593,0.6363636363636364,7.0,11.0
claude_refine_complex,8_13,0.16436148154531297,"[0.26666666666666666, 0.1724137931034483, 0.14285714285714285, 0.1111111111111111]",1.0,3.75,30.0,8.0
claude_refine_complex,9_0,0.04288336538002636,"[0.8888888888888888, 0.3584905660377358, 0.19230769230769232, 0.0784313725490196]",0.16286806635073492,0.35526315789473684,54.0,152.0
claude_refine_complex,9_1,0.5873949094699213,"[0.6666666666666666, 0.625, 0.5714285714285714, 0.5]",1.0,1.2857142857142858,9.0,7.0
claude_refine_complex,9_2,0.0,"[0.5, 0.17391304347826086, 0.045454545454545456, 0.0]",1.0,1.0434782608695652,24.0,23.0
claude_refine_complex,9_3,0.8091067115702212,"[0.8571428571428571, 0.8333333333333334, 0.8, 0.75]",1.0,1.0,7.0,7.0
claude_refine_complex,9_4,0.0,"[0.7142857142857143, 0.3333333333333333, 0.2, 0.0]",1.0,1.0,7.0,7.0
claude_refine_complex,9_5,0.0,"[0.6666666666666666, 0.4, 0.0, 0.0]",0.846481724890614,0.8571428571428571,6.0,7.0
claude_refine_complex,9_6,1.0,"[1.0, 1.0, 1.0, 1.0]",1.0,1.0,7.0,7.0
claude_refine_complex,9_7,1.0,"[1.0, 1.0, 1.0, 1.0]",1.0,1.0,7.0,7.0
claude_refine_complex,9_8,1.0,"[1.0, 1.0, 1.0, 1.0]",1.0,1.0,7.0,7.0
claude_refine_complex,9_9,0.0,"[0.5263157894736842, 0.16666666666666666, 0.058823529411764705, 0.0]",0.6918258252705171,0.7307692307692307,19.0,26.0
claude_refine_complex,9_10,0.0,"[0.0, 0.0, 0.0, 0.0]",0.5292133415000504,0.6111111111111112,11.0,18.0
claude_refine_complex,9_11,1.0,"[1.0, 1.0, 1.0, 1.0]",1.0,1.0,6.0,6.0
claude_refine_complex,9_12,0.0,"[0.4090909090909091, 0.14285714285714285, 0.05, 0.0]",0.7967034698934615,0.8148148148148148,22.0,27.0
claude_refine_complex,9_13,0.5081327481546147,"[0.6666666666666666, 0.6, 0.5, 0.3333333333333333]",1.0,1.0,6.0,6.0
claude_refine_complex,10_0,0.06794012750093698,"[0.828125, 0.3968253968253968, 0.1935483870967742, 0.08196721311475409]",0.25283959580474646,0.42105263157894735,64.0,152.0
claude_refine_complex,10_1,1.0,"[1.0, 1.0, 1.0, 1.0]",1.0,1.0,6.0,6.0
claude_refine_complex,10_2,0.0,"[0.2608695652173913, 0.045454545454545456, 0.0, 0.0]",0.7376042638218265,0.7666666666666667,23.0,30.0
claude_refine_complex,10_3,1.0,"[1.0, 1.0, 1.0, 1.0]",1.0,1.0,6.0,6.0
claude_refine_complex,10_4,0.20300653509321206,"[0.5714285714285714, 0.3, 0.15789473684210525, 0.1111111111111111]",0.8668778997501817,0.875,21.0,24.0
claude_refine_complex,10_5,0.0,"[0.8333333333333334, 0.6, 0.25, 0.0]",1.0,1.0,6.0,6.0
claude_refine_complex,10_6,0.2197325207705465,"[0.47619047619047616, 0.35, 0.2631578947368421, 0.16666666666666666]",0.751477293075286,0.7777777777777778,21.0,27.0
claude_refine_complex,10_7,0.0,"[0.3076923076923077, 0.08333333333333333, 0.0, 0.0]",0.50041992036057,0.5909090909090909,13.0,22.0
claude_refine_complex,10_8,0.0,"[0.6666666666666666, 0.4, 0.25, 0.0]",1.0,1.0,6.0,6.0
claude_refine_complex,10_9,0.0,"[0.5714285714285714, 0.16666666666666666, 0.0, 0.0]",1.0,1.1666666666666667,7.0,6.0
claude_refine_complex,10_10,0.0,"[0.4117647058823529, 0.125, 0.06666666666666667, 0.0]",0.7026185226629954,0.7391304347826086,17.0,23.0
claude_refine_complex,10_11,0.7598356856515925,"[0.8333333333333334, 0.8, 0.75, 0.6666666666666666]",1.0,1.0,6.0,6.0
claude_refine_complex,10_12,0.0,"[0.3333333333333333, 0.14285714285714285, 0.07692307692307693, 0.0]",0.6703200460356393,0.7142857142857143,15.0,21.0
claude_refine_complex,10_13,0.23484962400144008,"[0.6428571428571429, 0.38461538461538464, 0.3333333333333333, 0.2727272727272727]",0.6065306597126334,0.6666666666666666,14.0,21.0
claude_refine_complex,11_0,0.10493273173981002,"[0.88, 0.4189189189189189, 0.2054794520547945, 0.09722222222222222]",0.358198969348632,0.4934210526315789,75.0,152.0
claude_refine_complex,11_1,0.0,"[0.8333333333333334, 0.6, 0.25, 0.0]",1.0,1.0,6.0,6.0
claude_refine_complex,11_2,0.0,"[0.625, 0.42857142857142855, 0.16666666666666666, 0.0]",1.0,1.3333333333333333,8.0,6.0
claude_refine_complex,11_3,0.0,"[0.35294117647058826, 0.125, 0.0, 0.0]",0.7903383629814982,0.8095238095238095,17.0,21.0
claude_refine_complex,11_4,0.0,"[0.8333333333333334, 0.6, 0.25, 0.0]",1.0,1.0,6.0,6.0
claude_refine_complex,11_5,0.0,"[0.2, 0.0, 0.0, 0.0]",0.6270890852730561,0.6818181818181818,15.0,22.0
claude_refine_complex,11_6,1.0,"[1.0, 1.0, 1.0, 1.0]",1.0,1.0,6.0,6.0
claude_refine_complex,11_7,1.0,"[1.0, 1.0, 1.0, 1.0]",1.0,1.0,6.0,6.0
claude_refine_complex,11_8,0.0,"[0.5714285714285714, 0.3333333333333333, 0.0, 0.0]",1.0,1.0,7.0,7.0
claude_refine_complex,11_9,0.6731821382417487,"[1.0, 0.8, 0.75, 0.6666666666666666]",0.846481724890614,0.8571428571428571,6.0,7.0
claude_refine_complex,11_10,0.0,"[0.5, 0.14285714285714285, 0.0, 0.0]",1.0,1.3333333333333333,8.0,6.0
claude_refine_complex,11_11,0.0,"[0.1875, 0.0, 0.0, 0.0]",0.6065306597126334,0.6666666666666666,16.0,24.0
claude_refine_complex,11_12,0.488923022434901,"[0.8571428571428571, 0.6666666666666666, 0.4, 0.25]",1.0,1.0,7.0,7.0
claude_refine_complex,11_13,0.23956565612760206,"[0.2916666666666667, 0.2608695652173913, 0.22727272727272727, 0.19047619047619047]",1.0,3.4285714285714284,24.0,7.0
claude_refine_complex,12_0,0.06732293791302728,"[0.9464285714285714, 0.5272727272727272, 0.25925925925925924, 0.1509433962264151]",0.18009231214795235,0.3684210526315789,56.0,152.0
claude_refine_complex,12_1,0.0,"[0.3333333333333333, 0.11764705882352941, 0.0, 0.0]",0.6065306597126334,0.6666666666666666,18.0,27.0
claude_refine_complex,12_2,0.0,"[0.4166666666666667, 0.09090909090909091, 0.0, 0.0]",0.513417119032592,0.6,12.0,20.0
claude_refine_complex,12_3,0.6147881529512643,"[0.7142857142857143, 0.6666666666666666, 0.6, 0.5]",1.0,1.1666666666666667,7.0,6.0
claude_refine_complex,12_4,0.0,"[0.4, 0.25, 0.0, 0.0]",1.0,1.0,5.0,5.0
claude_refine_complex,12_5,0.5081327481546147,"[0.6666666666666666, 0.6, 0.5, 0.3333333333333333]",1.0,1.0,6.0,6.0
claude_refine_complex,12_6,0.11637772086086916,"[0.36, 0.20833333333333334, 0.08695652173913043, 0.045454545454545456]",0.8869204367171576,0.8928571428571429,25.0,28.0
claude_refine_complex,12_7,0.0,"[0.4117647058823529, 0.0, 0.0, 0.0]",0.5235834657149969,0.6071428571428571,17.0,28.0
claude_refine_complex,12_8,0.14253167772862407,"[0.5789473684210527, 0.2777777777777778, 0.11764705882352941, 0.0625]",0.7686205265937356,0.7916666666666666,19.0,24.0
claude_refine_complex,12_9,0.11807145207687943,"[0.35294117647058826, 0.1875, 0.13333333333333333, 0.07142857142857142]",0.7451888170134805,0.7727272727272727,17.0,22.0
claude_refine_complex,12_10,0.0,"[0.6666666666666666, 0.2, 0.0, 0.0]",0.846481724890614,0.8571428571428571,6.0,7.0
claude_refine_complex,12_11,0.0,"[0.6666666666666666, 0.2, 0.0, 0.0]",0.846481724890614,0.8571428571428571,6.0,7.0
claude_refine_complex,12_12,0.0,"[0.15384615384615385, 0.08333333333333333, 0.0, 0.0]",0.39729471319771137,0.52,13.0,25.0
claude_refine_complex,12_13,0.0,"[0.42105263157894735, 0.16666666666666666, 0.058823529411764705, 0.0]",0.7686205265937356,0.7916666666666666,19.0,24.0
claude_refine_complex,13_0,0.45382624473357414,"[0.6530612244897959, 0.48717948717948717, 0.4020618556701031, 0.3316062176165803]",1.0,1.2894736842105263,196.0,152.0
claude_refine_complex,13_1,0.0,"[0.8333333333333334, 0.6, 0.25, 0.0]",0.846481724890614,0.8571428571428571,6.0,7.0
claude_refine_complex,13_2,0.42383656282787796,"[0.8571428571428571, 0.6666666666666666, 0.4, 0.25]",0.8668778997501817,0.875,7.0,8.0
claude_refine_complex,13_3,0.0,"[0.2777777777777778, 0.058823529411764705, 0.0, 0.0]",0.6778095780054504,0.72,18.0,25.0
claude_refine_complex,13_4,0.0,"[0.8333333333333334, 0.6, 0.25, 0.0]",0.846481724890614,0.8571428571428571,6.0,7.0
claude_refine_complex,13_5,0.0,"[0.5238095238095238, 0.1, 0.0, 0.0]",0.8668778997501817,0.875,21.0,24.0
claude_refine_complex,13_6,0.0,"[0.5263157894736842, 0.16666666666666666, 0.0, 0.0]",0.9487294800164372,0.95,19.0,20.0
claude_refine_complex,13_7,0.0,"[0.8333333333333334, 0.6, 0.25, 0.0]",0.846481724890614,0.8571428571428571,6.0,7.0
claude_refine_complex,13_8,0.0,"[0.5714285714285714, 0.3333333333333333, 0.0, 0.0]",0.8668778997501817,0.875,7.0,8.0
claude_refine_complex,13_9,0.0,"[0.38095238095238093, 0.15, 0.05263157894736842, 0.0]",0.8265654376242381,0.84,21.0,25.0
claude_refine_complex,13_10,0.21402455131638984,"[0.6216216216216216, 0.2777777777777778, 0.14285714285714285, 0.11764705882352941]",0.9221189220143738,0.925,37.0,40.0
claude_refine_complex,13_11,0.23236339815860999,"[0.5294117647058824, 0.3125, 0.26666666666666666, 0.21428571428571427]",0.7451888170134805,0.7727272727272727,17.0,22.0
claude_refine_complex,13_12,0.0,"[0.5517241379310345, 0.07142857142857142, 0.0, 0.0]",0.36787944117144233,0.5,29.0,58.0
claude_refine_complex,13_13,0.0,"[0.42857142857142855, 0.07692307692307693, 0.0, 0.0]",1.0,1.4,14.0,10.0
claude_refine_complex,14_0,0.16804003834059889,"[0.6617647058823529, 0.28888888888888886, 0.12686567164179105, 0.05263157894736842]",0.8890097654027757,0.8947368421052632,136.0,152.0
claude_refine_complex,14_1,0.6434588841607617,"[0.8571428571428571, 0.6666666666666666, 0.6, 0.5]",1.0,1.0,7.0,7.0
claude_refine_complex,14_2,0.0,"[0.3870967741935484, 0.1, 0.034482758620689655, 0.0]",1.0,1.0333333333333334,31.0,30.0
claude_refine_complex,14_3,0.0,"[0.4, 0.10526315789473684, 0.0, 0.0]",0.951229424500714,0.9523809523809523,20.0,21.0
claude_refine_complex,14_4,0.7598356856515925,"[0.8333333333333334, 0.8, 0.75, 0.6666666666666666]",1.0,1.0,6.0,6.0
claude_refine_complex,14_5,1.0,"[1.0, 1.0, 1.0, 1.0]",1.0,1.0,6.0,6.0
claude_refine_complex,14_6,0.4347208719449914,"[0.7142857142857143, 0.5, 0.4, 0.25]",1.0,1.0,7.0,7.0
claude_refine_complex,14_7,0.0,"[0.375, 0.043478260869565216, 0.0, 0.0]",0.6323366621862498,0.6857142857142857,24.0,35.0
claude_refine_complex,14_8,0.0,"[0.45454545454545453, 0.2, 0.0, 0.0]",0.36787944117144233,0.5,11.0,22.0
claude_refine_complex,14_9,0.0,"[0.4090909090909091, 0.09523809523809523, 0.0, 0.0]",0.9555630362682843,0.9565217391304348,22.0,23.0
claude_refine_complex,14_10,0.0,"[0.8333333333333334, 0.6, 0.25, 0.0]",1.0,1.0,6.0,6.0
claude_refine_complex,14_11,0.17476205843220605,"[0.52, 0.20833333333333334, 0.13043478260869565, 0.09090909090909091]",0.9231163463866358,0.9259259259259259,25.0,27.0
claude_refine_complex,14_12,0.0,"[0.8333333333333334, 0.6, 0.25, 0.0]",1.0,1.0,6.0,6.0
claude_refine_complex,14_13,0.0,"[0.14705882352941177, 0.09090909090909091, 0.03125, 0.0]",1.0,5.666666666666667,34.0,6.0
claude_refine_complex,15_0,0.1294320837039968,"[0.8823529411764706, 0.4523809523809524, 0.1927710843373494, 0.08536585365853659]",0.45464640495688974,0.5592105263157895,85.0,152.0
claude_refine_complex,15_1,0.0,"[0.14285714285714285, 0.0, 0.0, 0.0]",0.898397321348071,0.9032258064516129,28.0,31.0
claude_refine_complex,15_2,1.0,"[1.0, 1.0, 1.0, 1.0]",1.0,1.0,6.0,6.0
claude_refine_complex,15_3,1.0,"[1.0, 1.0, 1.0, 1.0]",1.0,1.0,6.0,6.0
claude_refine_complex,15_4,1.0,"[1.0, 1.0, 1.0, 1.0]",1.0,1.0,6.0,6.0
claude_refine_complex,15_5,0.0,"[0.7142857142857143, 0.3333333333333333, 0.0, 0.0]",1.0,1.0,7.0,7.0
claude_refine_complex,15_6,0.0,"[0.5238095238095238, 0.1, 0.0, 0.0]",0.6832104226749482,0.7241379310344828,21.0,29.0
claude_refine_complex,15_7,0.0,"[0.8333333333333334, 0.6, 0.25, 0.0]",1.0,1.0,6.0,6.0
claude_refine_complex,15_8,0.0,"[0.14285714285714285, 0.0, 0.0, 0.0]",0.909156442876713,0.9130434782608695,21.0,23.0
claude_refine_complex,15_9,0.0,"[0.8333333333333334, 0.6, 0.25, 0.0]",1.0,1.0,6.0,6.0
claude_refine_complex,15_10,0.0,"[0.8333333333333334, 0.6, 0.25, 0.0]",1.0,1.0,6.0,6.0
claude_refine_complex,15_11,0.7598356856515925,"[0.8333333333333334, 0.8, 0.75, 0.6666666666666666]",1.0,1.0,6.0,6.0
claude_refine_complex,15_12,0.0,"[0.8333333333333334, 0.6, 0.25, 0.0]",1.0,1.0,6.0,6.0
claude_refine_complex,15_13,0.0,"[0.38095238095238093, 0.1, 0.0, 0.0]",0.7165313105737893,0.75,21.0,28.0
claude_refine_complex,16_0,0.06649187224255897,"[0.9285714285714286, 0.5454545454545454, 0.2777777777777778, 0.1320754716981132]",0.18009231214795235,0.3684210526315789,56.0,152.0
claude_refine_complex,16_1,0.0,"[0.15384615384615385, 0.0, 0.0, 0.0]",0.2318792628481923,0.40625,13.0,32.0
claude_refine_complex,16_2,0.0,"[0.2, 0.0, 0.0, 0.0]",0.7659283383646487,0.7894736842105263,15.0,19.0
claude_refine_complex,16_3,0.0,"[0.21739130434782608, 0.045454545454545456, 0.0, 0.0]",1.0,1.0952380952380953,23.0,21.0
claude_refine_complex,16_4,0.6434588841607617,"[0.8571428571428571, 0.6666666666666666, 0.6, 0.5]",1.0,1.0,7.0,7.0
claude_refine_complex,16_5,1.0,"[1.0, 1.0, 1.0, 1.0]",1.0,1.0,8.0,8.0
claude_refine_complex,16_6,0.0,"[0.7142857142857143, 0.3333333333333333, 0.0, 0.0]",1.0,1.0,7.0,7.0
claude_refine_complex,16_7,0.7598356856515925,"[0.8333333333333334, 0.8, 0.75, 0.6666666666666666]",1.0,1.0,6.0,6.0
claude_refine_complex,16_8,0.0,"[0.25, 0.0, 0.0, 0.0]",0.9394130628134758,0.9411764705882353,16.0,17.0
claude_refine_complex,16_9,0.8091067115702212,"[0.8571428571428571, 0.8333333333333334, 0.8, 0.75]",1.0,1.0,7.0,7.0
claude_refine_complex,16_10,0.6434588841607617,"[0.8571428571428571, 0.6666666666666666, 0.6, 0.5]",1.0,1.0,7.0,7.0
claude_refine_complex,16_11,0.8091067115702212,"[0.8571428571428571, 0.8333333333333334, 0.8, 0.75]",1.0,1.0,7.0,7.0
claude_refine_complex,16_12,0.0,"[0.4, 0.16666666666666666, 0.043478260869565216, 0.0]",0.6187833918061408,0.6756756756756757,25.0,37.0
claude_refine_complex,16_13,0.6803749333171202,"[0.75, 0.7142857142857143, 0.6666666666666666, 0.6]",1.0,1.1428571428571428,8.0,7.0
claude_refine_complex,17_0,0.3906254353343278,"[0.8301886792452831, 0.6476190476190476, 0.5384615384615384, 0.4563106796116505]",0.6479367054657429,0.6973684210526315,106.0,152.0
claude_refine_complex,17_1,0.8408964152537145,"[0.875, 0.8571428571428571, 0.8333333333333334, 0.8]",1.0,1.0,8.0,8.0
claude_refine_complex,17_2,0.0,"[0.21052631578947367, 0.1111111111111111, 0.058823529411764705, 0.0]",0.8539396656235351,0.8636363636363636,19.0,22.0
claude_refine_complex,17_3,0.0,"[0.4117647058823529, 0.1875, 0.06666666666666667, 0.0]",0.8890097654027757,0.8947368421052632,17.0,19.0
claude_refine_complex,17_4,0.0,"[0.8333333333333334, 0.6, 0.25, 0.0]",0.846481724890614,0.8571428571428571,6.0,7.0
claude_refine_complex,17_5,0.0,"[0.35, 0.05263157894736842, 0.0, 0.0]",0.740818220681718,0.7692307692307693,20.0,26.0
claude_refine_complex,17_6,0.0,"[0.6666666666666666, 0.4, 0.0, 0.0]",0.846481724890614,0.8571428571428571,6.0,7.0
claude_refine_complex,17_7,0.0,"[0.5, 0.26666666666666666, 0.07142857142857142, 0.0]",0.7788007830714049,0.8,16.0,20.0
claude_refine_complex,17_8,0.0,"[0.36363636363636365, 0.0, 0.0, 0.0]",0.6951439283988786,0.7333333333333333,11.0,15.0
claude_refine_complex,17_9,0.21690365808279138,"[0.48, 0.2916666666666667, 0.17391304347826086, 0.09090909090909091]",1.0,1.0869565217391304,25.0,23.0
claude_refine_complex,17_10,0.5873949094699213,"[0.6666666666666666, 0.625, 0.5714285714285714, 0.5]",1.0,1.2857142857142858,9.0,7.0
claude_refine_complex,17_11,0.44632361378533286,"[0.5555555555555556, 0.5, 0.42857142857142855, 0.3333333333333333]",1.0,1.2857142857142858,9.0,7.0
claude_refine_complex,17_12,0.0,"[0.38461538461538464, 0.08333333333333333, 0.0, 0.0]",0.5836454781435741,0.65,13.0,20.0
claude_refine_complex,17_13,0.0,"[0.2857142857142857, 0.07692307692307693, 0.0, 0.0]",0.6996725373751302,0.7368421052631579,14.0,19.0
claude_refine_complex,18_0,0.017427964433023153,"[0.07492795389048991, 0.024531024531024532, 0.011560693641618497, 0.004341534008683068]",1.0,4.565789473684211,694.0,152.0
claude_refine_complex,18_1,0.7598356856515925,"[0.8333333333333334, 0.8, 0.75, 0.6666666666666666]",1.0,1.0,6.0,6.0
claude_refine_complex,18_2,1.0,"[1.0, 1.0, 1.0, 1.0]",1.0,1.0,7.0,7.0
claude_refine_complex,18_3,1.0,"[1.0, 1.0, 1.0, 1.0]",1.0,1.0,7.0,7.0
claude_refine_complex,18_4,0.15586741964567605,"[0.52, 0.25, 0.13043478260869565, 0.09090909090909091]",0.7866278610665535,0.8064516129032258,25.0,31.0
claude_refine_complex,18_5,1.0,"[1.0, 1.0, 1.0, 1.0]",1.0,1.0,6.0,6.0
claude_refine_complex,18_6,0.5410822690539396,"[0.75, 0.5714285714285714, 0.5, 0.4]",1.0,1.3333333333333333,8.0,6.0
claude_refine_complex,18_7,0.0,"[0.4, 0.16666666666666666, 0.043478260869565216, 0.0]",0.8521437889662112,0.8620689655172413,25.0,29.0
claude_refine_complex,18_8,0.0,"[0.2, 0.0, 0.0, 0.0]",0.6976763260710311,0.7352941176470589,25.0,34.0
claude_refine_complex,18_9,0.7598356856515925,"[0.8333333333333334, 0.8, 0.75, 0.6666666666666666]",1.0,1.0,6.0,6.0
claude_refine_complex,18_10,0.0,"[0.3333333333333333, 0.0, 0.0, 0.0]",0.8668778997501817,0.875,21.0,24.0
claude_refine_complex,18_11,0.0,"[0.35294117647058826, 0.125, 0.0, 0.0]",0.5889513097505535,0.6538461538461539,17.0,26.0
claude_refine_complex,18_12,0.0,"[0.2857142857142857, 0.0, 0.0, 0.0]",0.6996725373751302,0.7368421052631579,14.0,19.0
claude_refine_complex,18_13,0.0,"[0.2, 0.0, 0.0, 0.0]",0.6703200460356393,0.7142857142857143,15.0,21.0
claude_refine_complex,19_0,0.06505725988337903,"[0.864406779661017, 0.43103448275862066, 0.24561403508771928, 0.10714285714285714]",0.20674457466952018,0.3881578947368421,59.0,152.0
claude_refine_complex,19_1,0.7598356856515925,"[0.8333333333333334, 0.8, 0.75, 0.6666666666666666]",1.0,1.0,6.0,6.0
claude_refine_complex,19_2,0.0,"[0.625, 0.2857142857142857, 0.0, 0.0]",1.0,1.3333333333333333,8.0,6.0
claude_refine_complex,19_3,1.0,"[1.0, 1.0, 1.0, 1.0]",1.0,1.0,6.0,6.0
claude_refine_complex,19_4,1.0,"[1.0, 1.0, 1.0, 1.0]",1.0,1.0,7.0,7.0
claude_refine_complex,19_5,1.0,"[1.0, 1.0, 1.0, 1.0]",1.0,1.0,6.0,6.0
claude_refine_complex,19_6,0.0,"[0.3939393939393939, 0.15625, 0.03225806451612903, 0.0]",0.8858460329277067,0.8918918918918919,33.0,37.0
claude_refine_complex,19_7,0.0,"[0.38095238095238093, 0.2, 0.05263157894736842, 0.0]",0.788127627745311,0.8076923076923077,21.0,26.0
claude_refine_complex,19_8,0.0,"[0.4166666666666667, 0.2727272727272727, 0.1, 0.0]",0.4723665527410147,0.5714285714285714,12.0,21.0
claude_refine_complex,19_9,0.0,"[0.5, 0.2, 0.0, 0.0]",1.0,1.0,6.0,6.0
claude_refine_complex,19_10,1.0,"[1.0, 1.0, 1.0, 1.0]",1.0,1.0,6.0,6.0
claude_refine_complex,19_11,0.0,"[0.34615384615384615, 0.08, 0.0, 0.0]",0.825052966980536,0.8387096774193549,26.0,31.0
claude_refine_complex,19_12,1.0,"[1.0, 1.0, 1.0, 1.0]",1.0,1.0,6.0,6.0
claude_refine_complex,19_13,0.0,"[0.11904761904761904, 0.0, 0.0, 0.0]",1.0,2.1,42.0,20.0
claude_refine_complex,20_0,0.21063114667442764,"[0.9009009009009009, 0.44545454545454544, 0.21100917431192662, 0.10185185185185185]",0.6911700662435519,0.7302631578947368,111.0,152.0
claude_refine_complex,20_1,0.0,"[0.5, 0.2857142857142857, 0.0, 0.0]",1.0,1.3333333333333333,8.0,6.0
claude_refine_complex,20_2,0.0,"[0.6666666666666666, 0.4, 0.0, 0.0]",1.0,1.0,6.0,6.0
claude_refine_complex,20_3,1.0,"[1.0, 1.0, 1.0, 1.0]",1.0,1.0,7.0,7.0
claude_refine_complex,20_4,0.0,"[0.6666666666666666, 0.4, 0.0, 0.0]",1.0,1.0,6.0,6.0
claude_refine_complex,20_5,0.0,"[0.2631578947368421, 0.0, 0.0, 0.0]",0.729212952525235,0.76,19.0,25.0
claude_refine_complex,20_6,0.0,"[0.35, 0.10526315789473684, 0.05555555555555555, 0.0]",1.0,1.0526315789473684,20.0,19.0
claude_refine_complex,20_7,0.488923022434901,"[0.8571428571428571, 0.6666666666666666, 0.4, 0.25]",1.0,1.0,7.0,7.0
claude_refine_complex,20_8,0.4347208719449914,"[0.7142857142857143, 0.5, 0.4, 0.25]",1.0,1.0,7.0,7.0
claude_refine_complex,20_9,0.25984882476296983,"[0.5454545454545454, 0.38095238095238093, 0.25, 0.10526315789473684]",0.9555630362682843,0.9565217391304348,22.0,23.0
claude_refine_complex,20_10,0.15092282416225883,"[0.45, 0.2631578947368421, 0.1111111111111111, 0.058823529411764705]",0.9048374180359595,0.9090909090909091,20.0,22.0
claude_refine_complex,20_11,1.0,"[1.0, 1.0, 1.0, 1.0]",1.0,1.0,7.0,7.0
claude_refine_complex,20_12,1.0,"[1.0, 1.0, 1.0, 1.0]",1.0,1.0,6.0,6.0
claude_refine_complex,20_13,0.1321324456652371,"[0.23684210526315788, 0.13513513513513514, 0.1111111111111111, 0.08571428571428572]",1.0,1.7272727272727273,38.0,22.0
claude_two_example,1_0,0.08516227379998052,"[0.9516129032258065, 0.5081967213114754, 0.26666666666666666, 0.13559322033898305]",0.23419225386771747,0.40789473684210525,62.0,152.0
claude_two_example,1_2,0.0,"[0.8571428571428571, 0.6666666666666666, 0.4, 0.0]",1.0,1.0,7.0,7.0
claude_two_example,1_4,0.0,"[0.46153846153846156, 0.16666666666666666, 0.0, 0.0]",0.6807123983233854,0.7222222222222222,13.0,18.0
claude_two_example,1_5,0.0,"[0.7142857142857143, 0.5, 0.2, 0.0]",1.0,1.1666666666666667,7.0,6.0
claude_two_example,1_6,0.0,"[0.7142857142857143, 0.5, 0.2, 0.0]",1.0,1.0,7.0,7.0
claude_two_example,1_7,1.0,"[1.0, 1.0, 1.0, 1.0]",1.0,1.0,7.0,7.0
claude_two_example,1_8,1.0,"[1.0, 1.0, 1.0, 1.0]",1.0,1.0,7.0,7.0
claude_two_example,1_9,0.3646598225346373,"[0.6, 0.4166666666666667, 0.30434782608695654, 0.2727272727272727]",0.9607894391523232,0.9615384615384616,25.0,26.0
claude_two_example,1_10,0.0,"[0.4444444444444444, 0.17647058823529413, 0.0625, 0.0]",0.9459594689067654,0.9473684210526315,18.0,19.0
claude_two_example,1_11,0.2179301929852717,"[0.5, 0.2857142857142857, 0.15, 0.10526315789473684]",1.0,1.0,22.0,22.0
claude_two_example,1_12,1.0,"[1.0, 1.0, 1.0, 1.0]",1.0,1.0,6.0,6.0
claude_two_example,1_13,0.0,"[0.47619047619047616, 0.05, 0.0, 0.0]",0.7165313105737893,0.75,21.0,28.0
claude_two_example,2_0,0.13396867343584629,"[0.4153846153846154, 0.1937984496124031, 0.125, 0.06299212598425197]",0.844314039201216,0.8552631578947368,130.0,152.0
claude_two_example,2_1,0.0,"[0.14285714285714285, 0.0, 0.0, 0.0]",1.0,3.5,7.0,2.0
claude_two_example,2_2,0.1673934555749282,"[0.5416666666666666, 0.21739130434782608, 0.13636363636363635, 0.09523809523809523]",0.846481724890614,0.8571428571428571,24.0,28.0
claude_two_example,2_3,0.2158132553042568,"[0.6666666666666666, 0.35714285714285715, 0.3076923076923077, 0.25]",0.5866462195100318,0.6521739130434783,15.0,23.0
claude_two_example,2_4,0.0,"[0.6842105263157895, 0.3888888888888889, 0.17647058823529413, 0.0]",0.9487294800164372,0.95,19.0,20.0
claude_two_example,2_5,0.0,"[0.7142857142857143, 0.5, 0.2, 0.0]",1.0,1.1666666666666667,7.0,6.0
claude_two_example,2_6,0.2740899731303482,"[0.5769230769230769, 0.36, 0.20833333333333334, 0.13043478260869565]",1.0,1.0833333333333333,26.0,24.0
claude_two_example,2_7,0.1703553284213743,"[0.625, 0.3333333333333333, 0.14285714285714285, 0.07692307692307693]",0.7788007830714049,0.8,16.0,20.0
claude_two_example,2_8,0.0,"[0.4090909090909091, 0.047619047619047616, 0.0, 0.0]",0.9131007162822622,0.9166666666666666,22.0,24.0
claude_two_example,2_9,1.0,"[1.0, 1.0, 1.0, 1.0]",1.0,1.0,6.0,6.0
claude_two_example,2_10,0.0,"[0.8333333333333334, 0.6, 0.25, 0.0]",1.0,1.0,6.0,6.0
claude_two_example,2_11,0.0,"[0.3888888888888889, 0.058823529411764705, 0.0, 0.0]",0.8007374029168082,0.8181818181818182,18.0,22.0
claude_two_example,2_12,0.3849884217715086,"[0.65, 0.42105263157894735, 0.3333333333333333, 0.29411764705882354]",0.951229424500714,0.9523809523809523,20.0,21.0
claude_two_example,2_13,1.0,"[1.0, 1.0, 1.0, 1.0]",1.0,1.0,6.0,6.0
claude_two_example,2_14,0.12765317762547787,"[0.4166666666666667, 0.17391304347826086, 0.09090909090909091, 0.047619047619047616]",0.9591894571091382,0.96,24.0,25.0
claude_two_example,3_0,0.24769768730975086,"[0.8795180722891566, 0.6219512195121951, 0.49382716049382713, 0.3875]",0.43547177245145685,0.5460526315789473,83.0,152.0
claude_two_example,3_1,0.11974032927121092,"[0.3125, 0.1702127659574468, 0.08695652173913043, 0.044444444444444446]",1.0,2.1818181818181817,48.0,22.0
claude_two_example,3_2,0.0,"[0.4090909090909091, 0.09523809523809523, 0.0, 0.0]",0.9131007162822622,0.9166666666666666,22.0,24.0
claude_two_example,3_3,0.2293064634808067,"[0.5294117647058824, 0.375, 0.26666666666666666, 0.21428571428571427]",0.7026185226629954,0.7391304347826086,17.0,23.0
claude_two_example,3_4,1.0,"[1.0, 1.0, 1.0, 1.0]",1.0,1.0,6.0,6.0
claude_two_example,3_5,0.0,"[0.5714285714285714, 0.16666666666666666, 0.0, 0.0]",1.0,1.0,7.0,7.0
claude_two_example,3_6,0.0,"[0.5789473684210527, 0.2222222222222222, 0.0, 0.0]",0.9487294800164372,0.95,19.0,20.0
claude_two_example,3_7,0.0,"[0.3939393939393939, 0.09375, 0.03225806451612903, 0.0]",1.0,1.1379310344827587,33.0,29.0
claude_two_example,3_8,0.0,"[0.14814814814814814, 0.038461538461538464, 0.0, 0.0]",1.0,1.2272727272727273,27.0,22.0
claude_two_example,3_9,1.0,"[1.0, 1.0, 1.0, 1.0]",1.0,1.0,6.0,6.0
claude_two_example,3_10,0.0,"[0.38095238095238093, 0.1, 0.05263157894736842, 0.0]",0.8668778997501817,0.875,21.0,24.0
claude_two_example,3_11,0.0,"[0.029411764705882353, 0.0, 0.0, 0.0]",1.0,1.8888888888888888,34.0,18.0
claude_two_example,3_12,0.0,"[0.4, 0.0, 0.0, 0.0]",0.049787068367863944,0.25,5.0,20.0
claude_two_example,3_13,0.0,"[0.5714285714285714, 0.3333333333333333, 0.0, 0.0]",1.0,1.1666666666666667,7.0,6.0
claude_two_example,4_0,0.053778913626165124,"[0.9375, 0.5957446808510638, 0.391304347826087, 0.2222222222222222]",0.11455884399268769,0.3157894736842105,48.0,152.0
claude_two_example,4_1,0.0,"[0.5714285714285714, 0.3333333333333333, 0.0, 0.0]",1.0,1.1666666666666667,7.0,6.0
claude_two_example,4_2,0.0,"[0.5909090909090909, 0.3333333333333333, 0.15, 0.0]",0.9555630362682843,0.9565217391304348,22.0,23.0
claude_two_example,4_3,0.0,"[0.46153846153846156, 0.2, 0.08333333333333333, 0.0]",1.0,1.1304347826086956,26.0,23.0
claude_two_example,4_4,0.0,"[0.8333333333333334, 0.6, 0.25, 0.0]",1.0,1.0,6.0,6.0
claude_two_example,4_5,0.0,"[0.5714285714285714, 0.3333333333333333, 0.0, 0.0]",1.0,1.1666666666666667,7.0,6.0
claude_two_example,4_6,0.2069777027988121,"[0.46153846153846156, 0.32, 0.16666666666666666, 0.08695652173913043]",0.9622687143632572,0.9629629629629629,26.0,27.0
claude_two_example,4_7,0.25575281675539263,"[0.8181818181818182, 0.6, 0.4444444444444444, 0.25]",0.5292133415000504,0.6111111111111112,11.0,18.0
claude_two_example,4_8,1.0,"[1.0, 1.0, 1.0, 1.0]",1.0,1.0,6.0,6.0
claude_two_example,4_9,0.488923022434901,"[0.8571428571428571, 0.6666666666666666, 0.4, 0.25]",1.0,1.0,7.0,7.0
claude_two_example,4_10,0.0,"[0.8333333333333334, 0.6, 0.25, 0.0]",0.846481724890614,0.8571428571428571,6.0,7.0
claude_two_example,4_11,0.0,"[0.5625, 0.2, 0.07142857142857142, 0.0]",0.6065306597126334,0.6666666666666666,16.0,24.0
claude_two_example,4_12,0.0,"[0.18518518518518517, 0.07692307692307693, 0.0, 0.0]",1.0,1.125,27.0,24.0
claude_two_example,4_13,0.5647181220077593,"[1.0, 1.0, 1.0, 1.0]",0.5647181220077593,0.6363636363636364,7.0,11.0
claude_two_example,5_0,0.06940326739740622,"[0.9361702127659575, 0.717391304347826, 0.5777777777777777, 0.45454545454545453]",0.10709461818211058,0.3092105263157895,47.0,152.0
claude_two_example,5_1,0.0,"[0.029411764705882353, 0.0, 0.0, 0.0]",1.0,34.0,34.0,1.0
claude_two_example,5_2,0.0,"[0.2222222222222222, 0.038461538461538464, 0.0, 0.0]",0.8948393168143697,0.9,27.0,30.0
claude_two_example,5_3,0.0,"[0.2222222222222222, 0.07692307692307693, 0.0, 0.0]",0.9286029058931802,0.9310344827586207,27.0,29.0
claude_two_example,5_4,0.0,"[0.2222222222222222, 0.038461538461538464, 0.0, 0.0]",1.0,1.173913043478261,27.0,23.0
claude_two_example,5_5,0.0,"[0.5263157894736842, 0.2222222222222222, 0.058823529411764705, 0.0]",0.9000876262522594,0.9047619047619048,19.0,21.0
claude_two_example,5_6,0.0,"[0.38095238095238093, 0.15, 0.05263157894736842, 0.0]",1.0,1.0,21.0,21.0
claude_two_example,5_7,0.0,"[0.5714285714285714, 0.3333333333333333, 0.0, 0.0]",1.0,1.0,7.0,7.0
claude_two_example,5_8,0.0,"[0.4166666666666667, 0.13043478260869565, 0.0, 0.0]",0.846481724890614,0.8571428571428571,24.0,28.0
claude_two_example,5_9,0.0,"[0.34615384615384615, 0.04, 0.0, 0.0]",1.0,1.04,26.0,25.0
claude_two_example,5_10,0.0,"[0.8571428571428571, 0.6666666666666666, 0.4, 0.0]",1.0,1.1666666666666667,7.0,6.0
claude_two_example,5_11,0.0,"[0.07407407407407407, 0.0, 0.0, 0.0]",1.0,1.173913043478261,27.0,23.0
claude_two_example,5_12,0.3042060837668054,"[0.5652173913043478, 0.3181818181818182, 0.23809523809523808, 0.2]",1.0,1.0,23.0,23.0
claude_two_example,5_13,0.18325671805686514,"[0.42857142857142855, 0.3, 0.15789473684210525, 0.05555555555555555]",1.0,1.1666666666666667,21.0,18.0
claude_two_example,5_14,0.0805111000764593,"[0.35294117647058826, 0.14, 0.04081632653061224, 0.020833333333333332]",1.0,1.9615384615384615,51.0,26.0
claude_two_example,6_0,0.13062819870371953,"[0.594059405940594, 0.32, 0.16161616161616163, 0.07142857142857142]",0.6035354526802054,0.6644736842105263,101.0,152.0
claude_two_example,6_1,0.0,"[0.0, 0.0, 0.0, 0.0]",1.0,27.0,27.0,1.0
claude_two_example,6_2,0.0,"[0.1111111111111111, 0.038461538461538464, 0.0, 0.0]",1.0,1.2857142857142858,27.0,21.0
claude_two_example,6_3,0.0,"[0.18518518518518517, 0.038461538461538464, 0.0, 0.0]",1.0,1.2857142857142858,27.0,21.0
claude_two_example,6_4,0.0,"[0.5, 0.18181818181818182, 0.0, 0.0]",0.846481724890614,0.8571428571428571,12.0,14.0
claude_two_example,6_5,0.0,"[0.5714285714285714, 0.3076923076923077, 0.16666666666666666, 0.0]",0.8071177470053892,0.8235294117647058,14.0,17.0
claude_two_example,6_6,0.6434588841607617,"[0.8571428571428571, 0.6666666666666666, 0.6, 0.5]",1.0,1.0,7.0,7.0
claude_two_example,6_7,0.2602905083887341,"[0.7058823529411765, 0.4375, 0.26666666666666666, 0.14285714285714285]",0.7903383629814982,0.8095238095238095,17.0,21.0
claude_two_example,6_8,0.0,"[0.7142857142857143, 0.3333333333333333, 0.2, 0.0]",1.0,1.0,7.0,7.0
claude_two_example,6_9,0.0,"[0.5714285714285714, 0.3333333333333333, 0.2, 0.0]",0.8668778997501817,0.875,7.0,8.0
claude_two_example,6_10,0.0,"[0.07407407407407407, 0.0, 0.0, 0.0]",1.0,1.173913043478261,27.0,23.0
claude_two_example,6_11,0.0,"[0.1111111111111111, 0.038461538461538464, 0.0, 0.0]",1.0,1.4210526315789473,27.0,19.0
claude_two_example,6_12,0.0,"[0.6666666666666666, 0.35714285714285715, 0.15384615384615385, 0.0]",0.8751733190429475,0.8823529411764706,15.0,17.0
claude_two_example,6_13,0.0,"[0.5714285714285714, 0.3333333333333333, 0.2, 0.0]",1.0,1.0,7.0,7.0
claude_two_example,6_14,0.0,"[0.17857142857142858, 0.037037037037037035, 0.0, 0.0]",1.0,1.3333333333333333,28.0,21.0
claude_two_example,7_0,0.11169898691402286,"[0.8666666666666667, 0.576271186440678, 0.43103448275862066, 0.3333333333333333]",0.2158150833986898,0.39473684210526316,60.0,152.0
claude_two_example,7_1,0.0,"[0.42857142857142855, 0.16666666666666666, 0.0, 0.0]",1.0,1.1666666666666667,7.0,6.0
claude_two_example,7_2,0.0,"[0.14814814814814814, 0.038461538461538464, 0.0, 0.0]",1.0,1.0,27.0,27.0
claude_two_example,7_3,0.0,"[0.42857142857142855, 0.16666666666666666, 0.0, 0.0]",1.0,1.0,7.0,7.0
claude_two_example,7_4,0.0,"[0.3333333333333333, 0.2, 0.10526315789473684, 0.0]",0.9534969548334766,0.9545454545454546,21.0,22.0
claude_two_example,7_5,0.0,"[0.5714285714285714, 0.16666666666666666, 0.0, 0.0]",1.0,1.0,7.0,7.0
claude_two_example,7_6,0.0,"[0.42857142857142855, 0.16666666666666666, 0.0, 0.0]",0.8668778997501817,0.875,7.0,8.0
claude_two_example,7_7,1.0,"[1.0, 1.0, 1.0, 1.0]",1.0,1.0,6.0,6.0
claude_two_example,7_8,0.0,"[0.1111111111111111, 0.038461538461538464, 0.0, 0.0]",1.0,1.2857142857142858,27.0,21.0
claude_two_example,7_9,0.0,"[0.8571428571428571, 0.6666666666666666, 0.4, 0.0]",1.0,1.0,7.0,7.0
claude_two_example,7_10,0.0,"[0.7142857142857143, 0.3333333333333333, 0.2, 0.0]",1.0,1.0,7.0,7.0
claude_two_example,7_11,0.0,"[0.7142857142857143, 0.3333333333333333, 0.2, 0.0]",1.0,1.0,7.0,7.0
claude_two_example,7_12,0.21515824939972175,"[0.56, 0.3333333333333333, 0.17391304347826086, 0.09090909090909091]",0.9231163463866358,0.9259259259259259,25.0,27.0
claude_two_example,7_13,0.0,"[0.1590909090909091, 0.046511627906976744, 0.0, 0.0]",1.0,2.4444444444444446,44.0,18.0
claude_two_example,8_0,0.06731056511109162,"[0.9, 0.6122448979591837, 0.4375, 0.2978723404255319]",0.13002871087842596,0.32894736842105265,50.0,152.0
claude_two_example,8_1,0.0,"[0.7142857142857143, 0.5, 0.2, 0.0]",1.0,1.1666666666666667,7.0,6.0
claude_two_example,8_2,0.27245928860031193,"[0.48, 0.3333333333333333, 0.2608695652173913, 0.18181818181818182]",0.9231163463866358,0.9259259259259259,25.0,27.0
claude_two_example,8_3,0.16884655390525974,"[0.32075471698113206, 0.23076923076923078, 0.13725490196078433, 0.08]",1.0,1.8928571428571428,53.0,28.0
claude_two_example,8_4,0.0,"[0.45454545454545453, 0.23809523809523808, 0.05, 0.0]",0.9555630362682843,0.9565217391304348,22.0,23.0
claude_two_example,8_5,0.0,"[0.375, 0.13043478260869565, 0.045454545454545456, 0.0]",0.811936346150635,0.8275862068965517,24.0,29.0
claude_two_example,8_6,0.0,"[0.25, 0.0, 0.0, 0.0]",0.6872892787909722,0.7272727272727273,16.0,22.0
claude_two_example,8_7,0.17140491696035876,"[0.47619047619047616, 0.25, 0.15789473684210525, 0.05555555555555555]",0.9534969548334766,0.9545454545454546,21.0,22.0
claude_two_example,8_8,0.15986682678473638,"[0.55, 0.3684210526315789, 0.2222222222222222, 0.058823529411764705]",0.7046880897187133,0.7407407407407407,20.0,27.0
claude_two_example,8_9,0.15495096883986592,"[0.5, 0.2631578947368421, 0.1111111111111111, 0.058823529411764705]",0.9048374180359595,0.9090909090909091,20.0,22.0
claude_two_example,8_10,0.0,"[0.5909090909090909, 0.23809523809523808, 0.0, 0.0]",0.9131007162822622,0.9166666666666666,22.0,24.0
claude_two_example,8_11,0.2168119758987035,"[0.5714285714285714, 0.4, 0.21052631578947367, 0.05555555555555555]",0.9534969548334766,0.9545454545454546,21.0,22.0
claude_two_example,8_12,0.0,"[0.8333333333333334, 0.6, 0.25, 0.0]",0.43459820850707814,0.5454545454545454,6.0,11.0
claude_two_example,8_13,0.42383656282787796,"[0.8571428571428571, 0.6666666666666666, 0.4, 0.25]",0.8668778997501817,0.875,7.0,8.0
claude_two_example,9_0,0.001977370757956093,"[0.9583333333333334, 0.5652173913043478, 0.36363636363636365, 0.14285714285714285]",0.004827949993831437,0.15789473684210525,24.0,152.0
claude_two_example,9_1,1.0,"[1.0, 1.0, 1.0, 1.0]",1.0,1.0,7.0,7.0
claude_two_example,9_2,0.13523285066501545,"[0.46153846153846156, 0.2, 0.08333333333333333, 0.043478260869565216]",1.0,1.1304347826086956,26.0,23.0
claude_two_example,9_3,0.0,"[0.8333333333333334, 0.6, 0.25, 0.0]",0.846481724890614,0.8571428571428571,6.0,7.0
claude_two_example,9_4,0.0,"[0.8571428571428571, 0.6666666666666666, 0.4, 0.0]",1.0,1.0,7.0,7.0
claude_two_example,9_5,0.0,"[0.8571428571428571, 0.6666666666666666, 0.4, 0.0]",1.0,1.0,7.0,7.0
claude_two_example,9_6,1.0,"[1.0, 1.0, 1.0, 1.0]",1.0,1.0,7.0,7.0
claude_two_example,9_7,1.0,"[1.0, 1.0, 1.0, 1.0]",1.0,1.0,7.0,7.0
claude_two_example,9_8,1.0,"[1.0, 1.0, 1.0, 1.0]",1.0,1.0,7.0,7.0
claude_two_example,9_9,0.0,"[0.2857142857142857, 0.0, 0.0, 0.0]",0.788127627745311,0.8076923076923077,21.0,26.0
claude_two_example,9_10,0.0,"[0.125, 0.0, 0.0, 0.0]",0.2865047968601901,0.4444444444444444,8.0,18.0
claude_two_example,9_11,1.0,"[1.0, 1.0, 1.0, 1.0]",1.0,1.0,6.0,6.0
claude_two_example,9_12,0.0,"[0.3684210526315789, 0.16666666666666666, 0.058823529411764705, 0.0]",0.6563555554708402,0.7037037037037037,19.0,27.0
claude_two_example,9_13,1.0,"[1.0, 1.0, 1.0, 1.0]",1.0,1.0,6.0,6.0
claude_two_example,10_0,0.2145143161189629,"[0.8048780487804879, 0.5555555555555556, 0.4375, 0.3291139240506329]",0.4258540757488069,0.5394736842105263,82.0,152.0
claude_two_example,10_1,1.0,"[1.0, 1.0, 1.0, 1.0]",1.0,1.0,6.0,6.0
claude_two_example,10_2,0.10753287939285457,"[0.5217391304347826, 0.18181818181818182, 0.09523809523809523, 0.05]",0.7376042638218265,0.7666666666666667,23.0,30.0
claude_two_example,10_3,1.0,"[1.0, 1.0, 1.0, 1.0]",1.0,1.0,6.0,6.0
claude_two_example,10_4,0.3532343084668893,"[0.7142857142857143, 0.55, 0.3157894736842105, 0.2222222222222222]",0.8668778997501817,0.875,21.0,24.0
claude_two_example,10_5,0.0,"[0.6666666666666666, 0.4, 0.0, 0.0]",1.0,1.0,6.0,6.0
claude_two_example,10_6,0.0,"[0.4166666666666667, 0.21739130434782608, 0.045454545454545456, 0.0]",0.8824969025845955,0.8888888888888888,24.0,27.0
claude_two_example,10_7,0.0,"[0.037037037037037035, 0.0, 0.0, 0.0]",1.0,1.2272727272727273,27.0,22.0
claude_two_example,10_8,1.0,"[1.0, 1.0, 1.0, 1.0]",1.0,1.0,6.0,6.0
claude_two_example,10_9,0.6434588841607617,"[0.8571428571428571, 0.6666666666666666, 0.6, 0.5]",1.0,1.1666666666666667,7.0,6.0
claude_two_example,10_10,0.0,"[0.3157894736842105, 0.1111111111111111, 0.058823529411764705, 0.0]",0.8101577349324267,0.8260869565217391,19.0,23.0
claude_two_example,10_11,1.0,"[1.0, 1.0, 1.0, 1.0]",1.0,1.0,6.0,6.0
claude_two_example,10_12,0.0,"[0.5, 0.15384615384615385, 0.08333333333333333, 0.0]",0.6065306597126334,0.6666666666666666,14.0,21.0
claude_two_example,10_13,0.16572695645285807,"[0.8333333333333334, 0.5454545454545454, 0.3, 0.1111111111111111]",0.4723665527410147,0.5714285714285714,12.0,21.0
claude_two_example,11_0,0.23643529582092512,"[0.44936708860759494, 0.25477707006369427, 0.19230769230769232, 0.14193548387096774]",1.0,1.0394736842105263,158.0,152.0
claude_two_example,11_1,0.0,"[0.5714285714285714, 0.3333333333333333, 0.0, 0.0]",1.0,1.1666666666666667,7.0,6.0
claude_two_example,11_2,1.0,"[1.0, 1.0, 1.0, 1.0]",1.0,1.0,6.0,6.0
claude_two_example,11_3,0.0,"[0.4, 0.21428571428571427, 0.07692307692307693, 0.0]",0.6703200460356393,0.7142857142857143,15.0,21.0
claude_two_example,11_4,0.0,"[0.5714285714285714, 0.3333333333333333, 0.0, 0.0]",1.0,1.1666666666666667,7.0,6.0
claude_two_example,11_5,0.0,"[0.35714285714285715, 0.07692307692307693, 0.0, 0.0]",0.5647181220077593,0.6363636363636364,14.0,22.0
claude_two_example,11_6,0.0,"[0.6666666666666666, 0.4, 0.0, 0.0]",1.0,1.0,6.0,6.0
claude_two_example,11_7,1.0,"[1.0, 1.0, 1.0, 1.0]",1.0,1.0,6.0,6.0
claude_two_example,11_8,0.0,"[0.5714285714285714, 0.16666666666666666, 0.0, 0.0]",1.0,1.0,7.0,7.0
claude_two_example,11_9,0.0,"[0.5714285714285714, 0.16666666666666666, 0.0, 0.0]",1.0,1.0,7.0,7.0
claude_two_example,11_10,0.0,"[0.5714285714285714, 0.3333333333333333, 0.0, 0.0]",1.0,1.1666666666666667,7.0,6.0
claude_two_example,11_11,0.0,"[0.45, 0.10526315789473684, 0.0, 0.0]",0.8187307530779819,0.8333333333333334,20.0,24.0
claude_two_example,11_12,0.488923022434901,"[0.8571428571428571, 0.6666666666666666, 0.4, 0.25]",1.0,1.0,7.0,7.0
claude_two_example,11_13,0.0,"[0.7142857142857143, 0.3333333333333333, 0.0, 0.0]",1.0,1.0,7.0,7.0
claude_two_example,12_0,0.1822058976734047,"[0.7848101265822784, 0.5256410256410257, 0.38961038961038963, 0.27631578947368424]",0.3969080517068859,0.5197368421052632,79.0,152.0
claude_two_example,12_1,0.0,"[0.5, 0.15384615384615385, 0.0, 0.0]",0.3951177613268873,0.5185185185185185,14.0,27.0
claude_two_example,12_2,0.0,"[0.25, 0.14285714285714285, 0.0, 0.0]",0.22313016014842982,0.4,8.0,20.0
claude_two_example,12_3,0.6434588841607617,"[0.8571428571428571, 0.6666666666666666, 0.6, 0.5]",1.0,1.1666666666666667,7.0,6.0
claude_two_example,12_4,0.0,"[0.5714285714285714, 0.3333333333333333, 0.2, 0.0]",1.0,1.4,7.0,5.0
claude_two_example,12_5,0.0,"[0.375, 0.14285714285714285, 0.0, 0.0]",1.0,1.3333333333333333,8.0,6.0
claude_two_example,12_6,0.1078364562320075,"[0.4230769230769231, 0.12, 0.08333333333333333, 0.043478260869565216]",0.925961078642316,0.9285714285714286,26.0,28.0
claude_two_example,12_7,0.0,"[0.2857142857142857, 0.05, 0.0, 0.0]",0.7165313105737893,0.75,21.0,28.0
claude_two_example,12_8,0.0,"[0.5294117647058824, 0.125, 0.0, 0.0]",0.6624801353939264,0.7083333333333334,17.0,24.0
claude_two_example,12_9,0.0,"[0.5833333333333334, 0.0, 0.0, 0.0]",0.43459820850707814,0.5454545454545454,12.0,22.0
claude_two_example,12_10,0.0,"[0.6666666666666666, 0.2, 0.0, 0.0]",0.846481724890614,0.8571428571428571,6.0,7.0
claude_two_example,12_11,0.0,"[0.6666666666666666, 0.2, 0.0, 0.0]",0.846481724890614,0.8571428571428571,6.0,7.0
claude_two_example,12_12,0.0,"[0.5294117647058824, 0.1875, 0.0, 0.0]",0.6246347280002745,0.68,17.0,25.0
claude_two_example,12_13,0.0,"[0.18518518518518517, 0.07692307692307693, 0.0, 0.0]",1.0,1.125,27.0,24.0
claude_two_example,13_0,0.15775563487945127,"[0.39080459770114945, 0.18497109826589594, 0.12209302325581395, 0.07017543859649122]",1.0,1.144736842105263,174.0,152.0
claude_two_example,13_1,1.0,"[1.0, 1.0, 1.0, 1.0]",1.0,1.0,7.0,7.0
claude_two_example,13_2,0.0,"[0.75, 0.5714285714285714, 0.3333333333333333, 0.0]",1.0,1.0,8.0,8.0
claude_two_example,13_3,0.0,"[0.3125, 0.06666666666666667, 0.0, 0.0]",0.569782824730923,0.64,16.0,25.0
claude_two_example,13_4,0.0,"[0.7142857142857143, 0.5, 0.2, 0.0]",1.0,1.0,7.0,7.0
claude_two_example,13_5,0.0,"[0.5909090909090909, 0.09523809523809523, 0.0, 0.0]",0.9131007162822622,0.9166666666666666,22.0,24.0
claude_two_example,13_6,0.2661333274890311,"[0.631578947368421, 0.3333333333333333, 0.23529411764705882, 0.125]",0.9487294800164372,0.95,19.0,20.0
claude_two_example,13_7,0.0,"[0.7142857142857143, 0.5, 0.2, 0.0]",1.0,1.0,7.0,7.0
claude_two_example,13_8,0.39442436483275556,"[0.8571428571428571, 0.5, 0.4, 0.25]",0.8668778997501817,0.875,7.0,8.0
claude_two_example,13_9,0.20548024369089107,"[0.6818181818181818, 0.42857142857142855, 0.2, 0.05263157894736842]",0.8725252928694237,0.88,22.0,25.0
claude_two_example,13_10,0.0645303410436925,"[0.2549019607843137, 0.08, 0.04081632653061224, 0.020833333333333332]",1.0,1.275,51.0,40.0
claude_two_example,13_11,0.06948345122280151,"[1.0, 1.0, 1.0, 1.0]",0.06948345122280151,0.2727272727272727,6.0,22.0
claude_two_example,13_12,0.0,"[0.4166666666666667, 0.13043478260869565, 0.0, 0.0]",0.24252107463564873,0.41379310344827586,24.0,58.0
claude_two_example,13_13,0.0,"[0.7142857142857143, 0.5, 0.2, 0.0]",0.6514390575310556,0.7,7.0,10.0
claude_two_example,14_0,0.11504866084778818,"[0.9193548387096774, 0.6229508196721312, 0.4, 0.2542372881355932]",0.23419225386771747,0.40789473684210525,62.0,152.0
claude_two_example,14_1,0.6434588841607617,"[0.8571428571428571, 0.6666666666666666, 0.6, 0.5]",1.0,1.0,7.0,7.0
claude_two_example,14_2,0.0,"[0.5172413793103449, 0.14285714285714285, 0.0, 0.0]",0.9661049965255963,0.9666666666666667,29.0,30.0
claude_two_example,14_3,0.1457743227279273,"[0.42105263157894735, 0.2222222222222222, 0.11764705882352941, 0.0625]",0.9000876262522594,0.9047619047619048,19.0,21.0
claude_two_example,14_4,1.0,"[1.0, 1.0, 1.0, 1.0]",1.0,1.0,6.0,6.0
claude_two_example,14_5,1.0,"[1.0, 1.0, 1.0, 1.0]",1.0,1.0,6.0,6.0
claude_two_example,14_6,0.4347208719449914,"[0.7142857142857143, 0.5, 0.4, 0.25]",1.0,1.0,7.0,7.0
claude_two_example,14_7,0.0,"[0.5, 0.21052631578947367, 0.05555555555555555, 0.0]",0.4723665527410147,0.5714285714285714,20.0,35.0
claude_two_example,14_8,0.08701363433730887,"[0.7777777777777778, 0.5, 0.2857142857142857, 0.16666666666666666]",0.23587708298570007,0.4090909090909091,9.0,22.0
claude_two_example,14_9,0.0,"[0.5263157894736842, 0.2222222222222222, 0.058823529411764705, 0.0]",0.8101577349324267,0.8260869565217391,19.0,23.0
claude_two_example,14_10,0.0,"[0.8333333333333334, 0.6, 0.25, 0.0]",1.0,1.0,6.0,6.0
claude_two_example,14_11,0.20809421896745806,"[0.56, 0.2916666666666667, 0.17391304347826086, 0.09090909090909091]",0.9231163463866358,0.9259259259259259,25.0,27.0
claude_two_example,14_12,0.0,"[0.42857142857142855, 0.16666666666666666, 0.0, 0.0]",1.0,1.1666666666666667,7.0,6.0
claude_two_example,14_13,1.0,"[1.0, 1.0, 1.0, 1.0]",1.0,1.0,6.0,6.0
claude_two_example,15_0,0.167960341509927,"[0.4634146341463415, 0.2540983606557377, 0.17355371900826447, 0.1]",0.7899604818684589,0.8092105263157895,123.0,152.0
claude_two_example,15_1,0.07458227402640673,"[0.3157894736842105, 0.16666666666666666, 0.11764705882352941, 0.0625]",0.5317515301305707,0.6129032258064516,19.0,31.0
claude_two_example,15_2,1.0,"[1.0, 1.0, 1.0, 1.0]",1.0,1.0,6.0,6.0
claude_two_example,15_3,0.0,"[0.42857142857142855, 0.16666666666666666, 0.0, 0.0]",1.0,1.1666666666666667,7.0,6.0
claude_two_example,15_4,1.0,"[1.0, 1.0, 1.0, 1.0]",1.0,1.0,6.0,6.0
claude_two_example,15_5,0.0,"[0.7142857142857143, 0.3333333333333333, 0.0, 0.0]",1.0,1.0,7.0,7.0
claude_two_example,15_6,0.0,"[0.6363636363636364, 0.2857142857142857, 0.1, 0.0]",0.7274705090242835,0.7586206896551724,22.0,29.0
claude_two_example,15_7,0.0,"[0.5714285714285714, 0.3333333333333333, 0.0, 0.0]",1.0,1.1666666666666667,7.0,6.0
claude_two_example,15_8,0.0,"[0.34782608695652173, 0.09090909090909091, 0.047619047619047616, 0.0]",1.0,1.0,23.0,23.0
claude_two_example,15_9,1.0,"[1.0, 1.0, 1.0, 1.0]",1.0,1.0,6.0,6.0
claude_two_example,15_10,0.0,"[0.8333333333333334, 0.6, 0.25, 0.0]",1.0,1.0,6.0,6.0
claude_two_example,15_11,0.537284965911771,"[0.8333333333333334, 0.6, 0.5, 0.3333333333333333]",1.0,1.0,6.0,6.0
claude_two_example,15_12,0.0,"[0.8333333333333334, 0.6, 0.25, 0.0]",1.0,1.0,6.0,6.0
claude_two_example,15_13,0.2244217576027018,"[0.5833333333333334, 0.391304347826087, 0.22727272727272727, 0.09523809523809523]",0.846481724890614,0.8571428571428571,24.0,28.0
claude_two_example,16_0,0.21617770169933262,"[0.7471264367816092, 0.5232558139534884, 0.38823529411764707, 0.2857142857142857]",0.47372588001362376,0.5723684210526315,87.0,152.0
claude_two_example,16_1,0.14940606111863544,"[0.5769230769230769, 0.2, 0.125, 0.08695652173913043]",0.7939226578179512,0.8125,26.0,32.0
claude_two_example,16_2,0.0,"[0.4, 0.14285714285714285, 0.0, 0.0]",0.7659283383646487,0.7894736842105263,15.0,19.0
claude_two_example,16_3,0.0,"[0.4117647058823529, 0.125, 0.0, 0.0]",0.7903383629814982,0.8095238095238095,17.0,21.0
claude_two_example,16_4,1.0,"[1.0, 1.0, 1.0, 1.0]",1.0,1.0,7.0,7.0
claude_two_example,16_5,1.0,"[1.0, 1.0, 1.0, 1.0]",1.0,1.0,8.0,8.0
claude_two_example,16_6,0.0,"[0.42857142857142855, 0.16666666666666666, 0.0, 0.0]",1.0,1.0,7.0,7.0
claude_two_example,16_7,1.0,"[1.0, 1.0, 1.0, 1.0]",1.0,1.0,6.0,6.0
claude_two_example,16_8,0.21869766863251183,"[0.3888888888888889, 0.23529411764705882, 0.1875, 0.13333333333333333]",1.0,1.0588235294117647,18.0,17.0
claude_two_example,16_9,1.0,"[1.0, 1.0, 1.0, 1.0]",1.0,1.0,7.0,7.0
claude_two_example,16_10,0.0,"[0.5714285714285714, 0.3333333333333333, 0.2, 0.0]",1.0,1.0,7.0,7.0
claude_two_example,16_11,0.0,"[0.8571428571428571, 0.6666666666666666, 0.4, 0.0]",1.0,1.0,7.0,7.0
claude_two_example,16_12,0.22795906469194555,"[0.5714285714285714, 0.37037037037037035, 0.23076923076923078, 0.2]",0.7251124219221319,0.7567567567567568,28.0,37.0
claude_two_example,16_13,0.8091067115702212,"[0.8571428571428571, 0.8333333333333334, 0.8, 0.75]",1.0,1.0,7.0,7.0
claude_two_example,17_0,0.16352410688949534,"[0.4409448818897638, 0.23015873015873015, 0.16, 0.0967741935483871]",0.8213134977946769,0.8355263157894737,127.0,152.0
claude_two_example,17_1,1.0,"[1.0, 1.0, 1.0, 1.0]",1.0,1.0,8.0,8.0
claude_two_example,17_2,0.0,"[0.3684210526315789, 0.1111111111111111, 0.058823529411764705, 0.0]",0.8539396656235351,0.8636363636363636,19.0,22.0
claude_two_example,17_3,0.15573964185427047,"[0.4666666666666667, 0.2857142857142857, 0.15384615384615385, 0.08333333333333333]",0.7659283383646487,0.7894736842105263,15.0,19.0
claude_two_example,17_4,0.0,"[0.8571428571428571, 0.6666666666666666, 0.4, 0.0]",1.0,1.0,7.0,7.0
claude_two_example,17_5,0.0,"[0.45454545454545453, 0.19047619047619047, 0.05, 0.0]",0.8337529180751805,0.8461538461538461,22.0,26.0
claude_two_example,17_6,0.0,"[0.8571428571428571, 0.6666666666666666, 0.4, 0.0]",1.0,1.0,7.0,7.0
claude_two_example,17_7,0.0,"[0.5294117647058824, 0.25, 0.06666666666666667, 0.0]",0.8382234324229999,0.85,17.0,20.0
claude_two_example,17_8,0.0,"[0.5, 0.0, 0.0, 0.0]",0.7788007830714049,0.8,12.0,15.0
claude_two_example,17_9,0.0,"[0.45454545454545453, 0.19047619047619047, 0.05, 0.0]",0.9555630362682843,0.9565217391304348,22.0,23.0
claude_two_example,17_10,1.0,"[1.0, 1.0, 1.0, 1.0]",1.0,1.0,7.0,7.0
claude_two_example,17_11,0.0,"[0.5714285714285714, 0.3333333333333333, 0.2, 0.0]",1.0,1.0,7.0,7.0
claude_two_example,17_12,0.3967088290836577,"[0.6, 0.42105263157894735, 0.3333333333333333, 0.29411764705882354]",1.0,1.0,20.0,20.0
claude_two_example,17_13,0.0,"[0.21428571428571427, 0.0, 0.0, 0.0]",0.6996725373751302,0.7368421052631579,14.0,19.0
claude_two_example,18_0,0.18687817113677255,"[0.8933333333333333, 0.5675675675675675, 0.4383561643835616, 0.3333333333333333]",0.358198969348632,0.4934210526315789,75.0,152.0
claude_two_example,18_1,0.0,"[0.8333333333333334, 0.6, 0.25, 0.0]",1.0,1.0,6.0,6.0
claude_two_example,18_2,1.0,"[1.0, 1.0, 1.0, 1.0]",1.0,1.0,7.0,7.0
claude_two_example,18_3,0.6147881529512643,"[0.7142857142857143, 0.6666666666666666, 0.6, 0.5]",1.0,1.0,7.0,7.0
claude_two_example,18_4,0.0,"[0.6666666666666666, 0.30434782608695654, 0.09090909090909091, 0.0]",0.7470175003104325,0.7741935483870968,24.0,31.0
claude_two_example,18_5,1.0,"[1.0, 1.0, 1.0, 1.0]",1.0,1.0,6.0,6.0
claude_two_example,18_6,1.0,"[1.0, 1.0, 1.0, 1.0]",1.0,1.0,6.0,6.0
claude_two_example,18_7,0.0,"[0.5, 0.12, 0.0, 0.0]",0.8910233766955563,0.896551724137931,26.0,29.0
claude_two_example,18_8,0.0,"[0.34615384615384615, 0.08, 0.0, 0.0]",0.7351414805916845,0.7647058823529411,26.0,34.0
claude_two_example,18_9,1.0,"[1.0, 1.0, 1.0, 1.0]",1.0,1.0,6.0,6.0
claude_two_example,18_10,0.0,"[0.8181818181818182, 0.5, 0.2222222222222222, 0.0]",0.30672055757655664,0.4583333333333333,11.0,24.0
claude_two_example,18_11,0.0,"[0.4444444444444444, 0.23529411764705882, 0.0625, 0.0]",0.6411803884299546,0.6923076923076923,18.0,26.0
claude_two_example,18_12,0.0,"[0.3125, 0.06666666666666667, 0.0, 0.0]",0.8290291181804004,0.8421052631578947,16.0,19.0
claude_two_example,18_13,0.0,"[0.375, 0.06666666666666667, 0.0, 0.0]",0.7316156289466418,0.7619047619047619,16.0,21.0
claude_two_example,19_0,0.22101253832612827,"[0.4394904458598726, 0.24358974358974358, 0.18064516129032257, 0.12337662337662338]",1.0,1.0328947368421053,157.0,152.0
claude_two_example,19_1,0.0,"[0.8333333333333334, 0.6, 0.25, 0.0]",1.0,1.0,6.0,6.0
claude_two_example,19_2,0.0,"[0.8333333333333334, 0.6, 0.25, 0.0]",1.0,1.0,6.0,6.0
claude_two_example,19_3,1.0,"[1.0, 1.0, 1.0, 1.0]",1.0,1.0,6.0,6.0
claude_two_example,19_4,0.6434588841607617,"[0.8571428571428571, 0.6666666666666666, 0.6, 0.5]",1.0,1.0,7.0,7.0
claude_two_example,19_5,1.0,"[1.0, 1.0, 1.0, 1.0]",1.0,1.0,6.0,6.0
claude_two_example,19_6,0.1562414747252573,"[0.5517241379310345, 0.2857142857142857, 0.14814814814814814, 0.07692307692307693]",0.7589176018322887,0.7837837837837838,29.0,37.0
claude_two_example,19_7,0.18503199561392897,"[0.42857142857142855, 0.2222222222222222, 0.15384615384615385, 0.08]",1.0,1.0769230769230769,28.0,26.0
claude_two_example,19_8,0.0,"[0.3333333333333333, 0.07142857142857142, 0.0, 0.0]",0.6703200460356393,0.7142857142857143,15.0,21.0
claude_two_example,19_9,1.0,"[1.0, 1.0, 1.0, 1.0]",1.0,1.0,6.0,6.0
claude_two_example,19_10,1.0,"[1.0, 1.0, 1.0, 1.0]",1.0,1.0,6.0,6.0
claude_two_example,19_11,0.15946684508296888,"[0.6190476190476191, 0.3, 0.21052631578947367, 0.1111111111111111]",0.6211451576154515,0.6774193548387096,21.0,31.0
claude_two_example,19_12,0.0,"[0.42857142857142855, 0.16666666666666666, 0.0, 0.0]",1.0,1.1666666666666667,7.0,6.0
claude_two_example,19_13,0.0,"[0.3157894736842105, 0.0, 0.0, 0.0]",0.9487294800164372,0.95,19.0,20.0
claude_two_example,20_0,0.36027941464647134,"[0.8979591836734694, 0.6804123711340206, 0.5520833333333334, 0.45263157894736844]",0.5763613863515786,0.6447368421052632,98.0,152.0
claude_two_example,20_1,0.0,"[0.8333333333333334, 0.6, 0.25, 0.0]",1.0,1.0,6.0,6.0
claude_two_example,20_2,0.0,"[0.8333333333333334, 0.6, 0.25, 0.0]",1.0,1.0,6.0,6.0
claude_two_example,20_3,1.0,"[1.0, 1.0, 1.0, 1.0]",1.0,1.0,7.0,7.0
claude_two_example,20_4,0.0,"[0.8333333333333334, 0.6, 0.25, 0.0]",1.0,1.0,6.0,6.0
claude_two_example,20_5,0.0,"[0.4444444444444444, 0.11764705882352941, 0.0, 0.0]",0.6778095780054504,0.72,18.0,25.0
claude_two_example,20_6,0.0,"[0.5333333333333333, 0.21428571428571427, 0.07692307692307693, 0.0]",0.7659283383646487,0.7894736842105263,15.0,19.0
claude_two_example,20_7,0.0,"[0.8333333333333334, 0.6, 0.25, 0.0]",0.846481724890614,0.8571428571428571,6.0,7.0
claude_two_example,20_8,0.0,"[0.7142857142857143, 0.3333333333333333, 0.0, 0.0]",1.0,1.0,7.0,7.0
claude_two_example,20_9,0.20287366424876008,"[0.6521739130434783, 0.36363636363636365, 0.14285714285714285, 0.05]",1.0,1.0,23.0,23.0
claude_two_example,20_10,0.3486646595778863,"[0.6111111111111112, 0.47058823529411764, 0.375, 0.3333333333333333]",0.8007374029168082,0.8181818181818182,18.0,22.0
claude_two_example,20_11,1.0,"[1.0, 1.0, 1.0, 1.0]",1.0,1.0,7.0,7.0
claude_two_example,20_12,0.0,"[0.5714285714285714, 0.3333333333333333, 0.2, 0.0]",1.0,1.1666666666666667,7.0,6.0
claude_two_example,20_13,0.25571168532906163,"[0.6470588235294118, 0.375, 0.26666666666666666, 0.21428571428571427]",0.7451888170134805,0.7727272727272727,17.0,22.0
Pytesseract,1_0,0.1836807973667115,"[0.4939759036144578, 0.2545454545454545, 0.13414634146341464, 0.06748466257668712]",1.0,1.0921052631578947,166.0,152.0
Pytesseract,1_1,0.0,"[0.0, 0.0, 0.0, 0.0]",0.2635971381157267,0.42857142857142855,3.0,7.0
Pytesseract,1_2,0.0,,,,,
Pytesseract,1_3,0.0,"[0.0, 0.0, 0.0, 0.0]",0.8403699701308981,0.8518518518518519,23.0,27.0
Pytesseract,1_4,0.0,"[0.0, 0.0, 0.0, 0.0]",0.4493289641172217,0.5555555555555556,10.0,18.0
Pytesseract,1_5,0.0,,,,,
Pytesseract,1_6,0.0,,,,,
Pytesseract,1_7,0.0,"[0.2, 0.0, 0.0, 0.0]",1.0,1.4285714285714286,10.0,7.0
Pytesseract,1_8,0.0,,,,,
Pytesseract,1_9,0.0,"[0.03225806451612903, 0.0, 0.0, 0.0]",1.0,1.1923076923076923,31.0,26.0
Pytesseract,1_10,0.0,"[0.0, 0.0, 0.0, 0.0]",1.0,1.105263157894737,21.0,19.0
Pytesseract,1_11,0.0,"[0.05263157894736842, 0.0, 0.0, 0.0]",0.8539396656235351,0.8636363636363636,19.0,22.0
Pytesseract,1_12,0.0,,,,,
Pytesseract,1_13,0.0,"[0.1111111111111111, 0.0, 0.0, 0.0]",0.573753420737433,0.6428571428571429,18.0,28.0
Pytesseract,2_0,0.22992853855010728,"[0.5748502994011976, 0.3132530120481928, 0.18181818181818182, 0.08536585365853659]",1.0,1.0986842105263157,167.0,152.0
Pytesseract,2_1,0.0,,,,,
Pytesseract,2_2,0.0,"[0.03225806451612903, 0.0, 0.0, 0.0]",1.0,1.1071428571428572,31.0,28.0
Pytesseract,2_3,0.0,"[0.0625, 0.0, 0.0, 0.0]",0.645648526427892,0.6956521739130435,16.0,23.0
Pytesseract,2_4,0.0,"[0.0, 0.0, 0.0, 0.0]",0.049787068367863944,0.25,5.0,20.0
Pytesseract,2_5,0.0,,,,,
Pytesseract,2_6,0.0,"[0.0, 0.0, 0.0, 0.0]",1.0,1.3333333333333333,32.0,24.0
Pytesseract,2_7,0.0,"[0.0, 0.0, 0.0, 0.0]",0.01831563888873418,0.2,4.0,20.0
Pytesseract,2_8,0.0,"[0.0, 0.0, 0.0, 0.0]",0.48954165955695317,0.5833333333333334,14.0,24.0
Pytesseract,2_9,0.0,,,,,
Pytesseract,2_10,0.0,,,,,
Pytesseract,2_11,0.0,"[0.07142857142857142, 0.0, 0.0, 0.0]",0.5647181220077593,0.6363636363636364,14.0,22.0
Pytesseract,2_12,0.0,"[0.0, 0.0, 0.0, 0.0]",1.0,1.2857142857142858,27.0,21.0
Pytesseract,2_13,0.0,,,,,
Pytesseract,2_14,0.0,"[0.0, 0.0, 0.0, 0.0]",1.0,2.48,62.0,25.0
Pytesseract,3_0,0.14309089472617764,"[0.48, 0.21839080459770116, 0.09826589595375723, 0.040697674418604654]",1.0,1.1513157894736843,175.0,152.0
Pytesseract,3_1,0.0,"[0.0, 0.0, 0.0, 0.0]",0.7451888170134805,0.7727272727272727,17.0,22.0
Pytesseract,3_2,0.0,"[0.02702702702702703, 0.0, 0.0, 0.0]",1.0,1.5416666666666667,37.0,24.0
Pytesseract,3_3,0.0,"[0.14285714285714285, 0.0, 0.0, 0.0]",0.5257880244257798,0.6086956521739131,14.0,23.0
Pytesseract,3_4,0.0,,,,,
Pytesseract,3_5,0.0,,,,,
Pytesseract,3_6,0.0,"[0.0, 0.0, 0.0, 0.0]",1.0,1.05,21.0,20.0
Pytesseract,3_7,0.0,"[0.0, 0.0, 0.0, 0.0]",0.8910233766955563,0.896551724137931,26.0,29.0
Pytesseract,3_8,0.0,"[0.0, 0.0, 0.0, 0.0]",0.9048374180359595,0.9090909090909091,20.0,22.0
Pytesseract,3_9,0.0,,,,,
Pytesseract,3_10,0.0,"[0.0, 0.0, 0.0, 0.0]",0.08816268936235745,0.2916666666666667,7.0,24.0
Pytesseract,3_11,0.0,,,,,
Pytesseract,3_12,0.0,"[0.0, 0.0, 0.0, 0.0]",0.513417119032592,0.6,12.0,20.0
Pytesseract,3_13,0.0,"[0.0, 0.0, 0.0, 0.0]",1.0,7.0,42.0,6.0
Pytesseract,4_0,0.12065962837006435,"[0.44711538461538464, 0.178743961352657, 0.07766990291262135, 0.03414634146341464]",1.0,1.368421052631579,208.0,152.0
Pytesseract,4_1,0.0,,,,,
Pytesseract,4_2,0.0,"[0.0, 0.0, 0.0, 0.0]",0.5257880244257798,0.6086956521739131,14.0,23.0
Pytesseract,4_3,0.0,,,,,
Pytesseract,4_4,0.0,,,,,
Pytesseract,4_5,0.0,,,,,
Pytesseract,4_6,0.0,"[0.0, 0.0, 0.0, 0.0]",1.0,1.1851851851851851,32.0,27.0
Pytesseract,4_7,0.0,"[0.0, 0.0, 0.0, 0.0]",0.1353352832366127,0.3333333333333333,6.0,18.0
Pytesseract,4_8,0.0,,,,,
Pytesseract,4_9,0.0,,,,,
Pytesseract,4_10,0.0,,,,,
Pytesseract,4_11,0.0,,,,,
Pytesseract,4_12,0.0,"[0.0, 0.0, 0.0, 0.0]",0.9131007162822622,0.9166666666666666,22.0,24.0
Pytesseract,4_13,0.0,"[0.046511627906976744, 0.0, 0.0, 0.0]",1.0,3.909090909090909,43.0,11.0
Pytesseract,5_0,0.07803436510354693,"[0.3037974683544304, 0.1016949152542373, 0.04680851063829787, 0.02564102564102564]",1.0,1.5592105263157894,237.0,152.0
Pytesseract,5_1,0.0,,,,,
Pytesseract,5_2,0.0,"[0.045454545454545456, 0.0, 0.0, 0.0]",0.6951439283988786,0.7333333333333333,22.0,30.0
Pytesseract,5_3,0.0,"[0.0, 0.0, 0.0, 0.0]",0.00017223225596081014,0.10344827586206896,3.0,29.0
Pytesseract,5_4,0.0,"[0.0, 0.0, 0.0, 0.0]",0.027323722447292545,0.21739130434782608,5.0,23.0
Pytesseract,5_5,0.0,,,,,
Pytesseract,5_6,0.0,"[0.0, 0.0, 0.0, 0.0]",0.7903383629814982,0.8095238095238095,17.0,21.0
Pytesseract,5_7,0.0,,,,,
Pytesseract,5_8,0.0,"[0.0, 0.0, 0.0, 0.0]",1.0,1.2142857142857142,34.0,28.0
Pytesseract,5_9,0.0,"[0.0, 0.0, 0.0, 0.0]",1.0,1.04,26.0,25.0
Pytesseract,5_10,0.0,,,,,
Pytesseract,5_11,0.0,"[0.0, 0.0, 0.0, 0.0]",0.027323722447292545,0.21739130434782608,5.0,23.0
Pytesseract,5_12,0.0,"[0.0, 0.0, 0.0, 0.0]",0.5866462195100318,0.6521739130434783,15.0,23.0
Pytesseract,5_13,0.0,,,,,
Pytesseract,5_14,0.0,"[0.0, 0.0, 0.0, 0.0]",1.0,1.6538461538461537,43.0,26.0
Pytesseract,6_0,0.06607478738570956,"[0.3113207547169811, 0.0995260663507109, 0.04285714285714286, 0.014354066985645933]",1.0,1.394736842105263,212.0,152.0
Pytesseract,6_1,0.0,,,,,
Pytesseract,6_2,0.0,"[0.0, 0.0, 0.0, 0.0]",1.0,1.4761904761904763,31.0,21.0
Pytesseract,6_3,0.0,"[0.0, 0.0, 0.0, 0.0]",1.0,1.5238095238095237,32.0,21.0
Pytesseract,6_4,0.0,"[0.0, 0.0, 0.0, 0.0]",0.36787944117144233,0.5,7.0,14.0
Pytesseract,6_5,0.0,"[0.16666666666666666, 0.0, 0.0, 0.0]",0.15987974607969396,0.35294117647058826,6.0,17.0
Pytesseract,6_6,0.0,,,,,
Pytesseract,6_7,0.0,"[0.0, 0.0, 0.0, 0.0]",7.48518298877006e-05,0.09523809523809523,2.0,21.0
Pytesseract,6_8,0.0,,,,,
Pytesseract,6_9,0.0,,,,,
Pytesseract,6_10,0.0,"[0.0, 0.0, 0.0, 0.0]",0.909156442876713,0.9130434782608695,21.0,23.0
Pytesseract,6_11,0.0,"[0.07692307692307693, 0.0, 0.0, 0.0]",0.6303131865967199,0.6842105263157895,13.0,19.0
Pytesseract,6_12,0.0,"[0.0, 0.0, 0.0, 0.0]",0.6592406302004439,0.7058823529411765,12.0,17.0
Pytesseract,6_13,0.0,"[0.0, 0.0, 0.0, 0.0]",0.0024787521766663585,0.14285714285714285,1.0,7.0
Pytesseract,6_14,0.0,"[0.05555555555555555, 0.0, 0.0, 0.0]",0.846481724890614,0.8571428571428571,18.0,21.0
Pytesseract,7_0,0.07748116809188085,"[0.2661290322580645, 0.09716599190283401, 0.04878048780487805, 0.02857142857142857]",1.0,1.631578947368421,248.0,152.0
Pytesseract,7_1,0.0,,,,,
Pytesseract,7_2,0.0,"[0.047619047619047616, 0.0, 0.0, 0.0]",0.751477293075286,0.7777777777777778,21.0,27.0
Pytesseract,7_3,0.0,,,,,
Pytesseract,7_4,0.0,"[0.0, 0.0, 0.0, 0.0]",1.0,1.0454545454545454,23.0,22.0
Pytesseract,7_5,0.0,,,,,
Pytesseract,7_6,0.0,,,,,
Pytesseract,7_7,0.0,"[0.0, 0.0, 0.0, 0.0]",0.006737946999085467,0.16666666666666666,1.0,6.0
Pytesseract,7_8,0.0,"[0.08333333333333333, 0.0, 0.0, 0.0]",0.4723665527410147,0.5714285714285714,12.0,21.0
Pytesseract,7_9,0.0,,,,,
Pytesseract,7_10,0.0,,,,,
Pytesseract,7_11,0.0,,,,,
Pytesseract,7_12,0.0,"[0.047619047619047616, 0.0, 0.0, 0.0]",0.751477293075286,0.7777777777777778,21.0,27.0
Pytesseract,7_13,0.0,"[0.0, 0.0, 0.0, 0.0]",0.36787944117144233,0.5,9.0,18.0
Pytesseract,8_0,0.0865949643133525,"[0.32857142857142857, 0.1339712918660287, 0.052884615384615384, 0.024154589371980676]",1.0,1.381578947368421,210.0,152.0
Pytesseract,8_1,0.0,,,,,
Pytesseract,8_2,0.0,"[0.0, 0.0, 0.0, 0.0]",0.4493289641172217,0.5555555555555556,15.0,27.0
Pytesseract,8_3,0.0,"[0.10344827586206896, 0.0, 0.0, 0.0]",1.0,1.0357142857142858,29.0,28.0
Pytesseract,8_4,0.0,"[0.05263157894736842, 0.0, 0.0, 0.0]",0.8101577349324267,0.8260869565217391,19.0,23.0
Pytesseract,8_5,0.0,"[0.06451612903225806, 0.0, 0.0, 0.0]",1.0,1.0689655172413792,31.0,29.0
Pytesseract,8_6,0.0,"[0.0, 0.0, 0.0, 0.0]",1.0,1.0,22.0,22.0
Pytesseract,8_7,0.0,"[0.0, 0.0, 0.0, 0.0]",0.9534969548334766,0.9545454545454546,21.0,22.0
Pytesseract,8_8,0.0,"[0.0, 0.0, 0.0, 0.0]",1.0,1.0740740740740742,29.0,27.0
Pytesseract,8_9,0.0,"[0.0, 0.0, 0.0, 0.0]",0.9048374180359595,0.9090909090909091,20.0,22.0
Pytesseract,8_10,0.0,"[0.09090909090909091, 0.0, 0.0, 0.0]",0.9131007162822622,0.9166666666666666,22.0,24.0
Pytesseract,8_11,0.0,"[0.07142857142857142, 0.0, 0.0, 0.0]",1.0,1.2727272727272727,28.0,22.0
Pytesseract,8_12,0.0,,,,,
Pytesseract,8_13,0.0,"[0.0, 0.0, 0.0, 0.0]",1.0,7.625,61.0,8.0
Pytesseract,9_0,0.11231631189204733,"[0.40358744394618834, 0.17117117117117117, 0.07239819004524888, 0.031818181818181815]",1.0,1.4671052631578947,223.0,152.0
Pytesseract,9_1,0.0,,,,,
Pytesseract,9_2,0.0,"[0.0, 0.0, 0.0, 0.0]",0.3998496543448473,0.5217391304347826,12.0,23.0
Pytesseract,9_3,0.0,,,,,
Pytesseract,9_4,0.0,,,,,
Pytesseract,9_5,0.0,,,,,
Pytesseract,9_6,0.0,,,,,
Pytesseract,9_7,0.0,"[0.0, 0.0, 0.0, 0.0]",0.0024787521766663585,0.14285714285714285,1.0,7.0
Pytesseract,9_8,0.0,,,,,
Pytesseract,9_9,0.0,"[0.09090909090909091, 0.0, 0.0, 0.0]",0.2557291599131006,0.4230769230769231,11.0,26.0
Pytesseract,9_10,0.0,,,,,
Pytesseract,9_11,0.0,,,,,
Pytesseract,9_12,0.0,"[0.0, 0.0, 0.0, 0.0]",0.09301448921066349,0.2962962962962963,8.0,27.0
Pytesseract,9_13,0.0,,,,,
Pytesseract,10_0,0.08706139170532506,"[0.3397129186602871, 0.1201923076923077, 0.057971014492753624, 0.024271844660194174]",1.0,1.375,209.0,152.0
Pytesseract,10_1,0.0,,,,,
Pytesseract,10_2,0.0,"[0.1, 0.0, 0.0, 0.0]",0.6065306597126334,0.6666666666666666,20.0,30.0
Pytesseract,10_3,0.0,,,,,
Pytesseract,10_4,0.0,"[0.09523809523809523, 0.0, 0.0, 0.0]",0.8668778997501817,0.875,21.0,24.0
Pytesseract,10_5,0.0,,,,,
Pytesseract,10_6,0.0,"[0.030303030303030304, 0.0, 0.0, 0.0]",1.0,1.2222222222222223,33.0,27.0
Pytesseract,10_7,0.0,"[0.25, 0.0, 0.0, 0.0]",0.011108996538242306,0.18181818181818182,4.0,22.0
Pytesseract,10_8,0.0,,,,,
Pytesseract,10_9,0.0,,,,,
Pytesseract,10_10,0.0,"[0.0, 0.0, 0.0, 0.0]",0.15335496684492847,0.34782608695652173,8.0,23.0
Pytesseract,10_11,0.0,,,,,
Pytesseract,10_12,0.0,"[0.0, 0.0, 0.0, 0.0]",0.33287108369807955,0.47619047619047616,10.0,21.0
Pytesseract,10_13,0.0,"[0.05555555555555555, 0.0, 0.0, 0.0]",1.0,2.5714285714285716,54.0,21.0
Pytesseract,11_0,0.10176588178850741,"[0.4187192118226601, 0.15841584158415842, 0.06467661691542288, 0.025]",1.0,1.3355263157894737,203.0,152.0
Pytesseract,11_1,0.0,,,,,
Pytesseract,11_2,0.0,,,,,
Pytesseract,11_3,0.0,"[0.047619047619047616, 0.0, 0.0, 0.0]",1.0,1.0,21.0,21.0
Pytesseract,11_4,0.0,,,,,
Pytesseract,11_5,0.0,"[0.1111111111111111, 0.0, 0.0, 0.0]",0.8007374029168082,0.8181818181818182,18.0,22.0
Pytesseract,11_6,0.0,"[0.0, 0.0, 0.0, 0.0]",1.0,1.0,6.0,6.0
Pytesseract,11_7,0.0,,,,,
Pytesseract,11_8,0.0,,,,,
Pytesseract,11_9,0.0,,,,,
Pytesseract,11_10,0.0,,,,,
Pytesseract,11_11,0.0,"[0.0, 0.0, 0.0, 0.0]",0.9574533680683809,0.9583333333333334,23.0,24.0
Pytesseract,11_12,0.0,"[0.0, 0.0, 0.0, 0.0]",0.4723665527410147,0.5714285714285714,4.0,7.0
Pytesseract,11_13,0.0,"[0.0, 0.0, 0.0, 0.0]",1.0,4.0,28.0,7.0
Pytesseract,12_0,0.10750824030397704,"[0.3561643835616438, 0.16551724137931034, 0.0763888888888889, 0.03496503496503497]",0.9597370959507374,0.9605263157894737,146.0,152.0
Pytesseract,12_1,0.0,"[0.0, 0.0, 0.0, 0.0]",0.1353352832366127,0.3333333333333333,9.0,27.0
Pytesseract,12_2,0.0,"[0.04, 0.0, 0.0, 0.0]",1.0,1.25,25.0,20.0
Pytesseract,12_3,0.0,,,,,
Pytesseract,12_4,0.0,,,,,
Pytesseract,12_5,0.0,"[0.0, 0.0, 0.0, 0.0]",1.0,1.6666666666666667,10.0,6.0
Pytesseract,12_6,0.0,"[0.0, 0.0, 0.0, 0.0]",0.4723665527410147,0.5714285714285714,16.0,28.0
Pytesseract,12_7,0.0,,,,,
Pytesseract,12_8,0.0,"[0.08695652173913043, 0.0, 0.0, 0.0]",0.9574533680683809,0.9583333333333334,23.0,24.0
Pytesseract,12_9,0.0,"[0.05555555555555555, 0.0, 0.0, 0.0]",0.8007374029168082,0.8181818181818182,18.0,22.0
Pytesseract,12_10,0.0,,,,,
Pytesseract,12_11,0.0,,,,,
Pytesseract,12_12,0.0,"[0.05263157894736842, 0.0, 0.0, 0.0]",0.729212952525235,0.76,19.0,25.0
Pytesseract,12_13,0.0,"[0.0, 0.0, 0.0, 0.0]",0.36787944117144233,0.5,12.0,24.0
Pytesseract,13_0,0.10202646929023626,"[0.3179916317991632, 0.15126050420168066, 0.0759493670886076, 0.029661016949152543]",1.0,1.5723684210526316,239.0,152.0
Pytesseract,13_1,0.0,,,,,
Pytesseract,13_2,0.0,,,,,
Pytesseract,13_3,0.0,,,,,
Pytesseract,13_4,0.0,,,,,
Pytesseract,13_5,0.0,"[0.1111111111111111, 0.0, 0.0, 0.0]",0.18887560283756186,0.375,9.0,24.0
Pytesseract,13_6,0.0,"[0.0, 0.0, 0.0, 0.0]",0.8948393168143697,0.9,18.0,20.0
Pytesseract,13_7,0.0,,,,,
Pytesseract,13_8,0.0,,,,,
Pytesseract,13_9,0.0,"[0.0, 0.0, 0.0, 0.0]",0.569782824730923,0.64,16.0,25.0
Pytesseract,13_10,0.0,"[0.21428571428571427, 0.03636363636363636, 0.0, 0.0]",1.0,1.4,56.0,40.0
Pytesseract,13_11,0.0,"[0.17647058823529413, 0.0, 0.0, 0.0]",0.7451888170134805,0.7727272727272727,17.0,22.0
Pytesseract,13_12,0.042961295525253705,"[0.16666666666666666, 0.07317073170731707, 0.05, 0.02564102564102564]",0.6832104226749482,0.7241379310344828,42.0,58.0
Pytesseract,13_13,0.0,"[0.0, 0.0, 0.0, 0.0]",1.0,2.8,28.0,10.0
Pytesseract,14_0,0.15581820427690676,"[0.4722222222222222, 0.24581005586592178, 0.11235955056179775, 0.04519774011299435]",1.0,1.1842105263157894,180.0,152.0
Pytesseract,14_1,0.0,,,,,
Pytesseract,14_2,0.0,"[0.0, 0.0, 0.0, 0.0]",0.513417119032592,0.6,18.0,30.0
Pytesseract,14_3,0.0,"[0.047619047619047616, 0.0, 0.0, 0.0]",1.0,1.0,21.0,21.0
Pytesseract,14_4,0.0,,,,,
Pytesseract,14_5,0.0,,,,,
Pytesseract,14_6,0.0,,,,,
Pytesseract,14_7,0.0,"[0.03571428571428571, 0.0, 0.0, 0.0]",0.7788007830714049,0.8,28.0,35.0
Pytesseract,14_8,0.0,,,,,
Pytesseract,14_9,0.0,"[0.0, 0.0, 0.0, 0.0]",0.4633693692311752,0.5652173913043478,13.0,23.0
Pytesseract,14_10,0.0,"[0.0, 0.0, 0.0, 0.0]",0.006737946999085467,0.16666666666666666,1.0,6.0
Pytesseract,14_11,0.0,"[0.0, 0.0, 0.0, 0.0]",0.1353352832366127,0.3333333333333333,9.0,27.0
Pytesseract,14_12,0.0,,,,,
Pytesseract,14_13,0.0,"[0.02631578947368421, 0.0, 0.0, 0.0]",1.0,6.333333333333333,38.0,6.0
Pytesseract,15_0,0.12565562862145593,"[0.4044943820224719, 0.1694915254237288, 0.09090909090909091, 0.04]",1.0,1.1710526315789473,178.0,152.0
Pytesseract,15_1,0.0,"[0.03225806451612903, 0.0, 0.0, 0.0]",1.0,1.0,31.0,31.0
Pytesseract,15_2,0.0,,,,,
Pytesseract,15_3,0.0,,,,,
Pytesseract,15_4,0.0,,,,,
Pytesseract,15_5,0.0,"[0.0, 0.0, 0.0, 0.0]",1.0,1.2857142857142858,9.0,7.0
Pytesseract,15_6,0.0,"[0.09090909090909091, 0.0, 0.0, 0.0]",0.1946867083315101,0.3793103448275862,11.0,29.0
Pytesseract,15_7,0.0,"[0.1, 0.0, 0.0, 0.0]",1.0,1.6666666666666667,10.0,6.0
Pytesseract,15_8,0.0,"[0.0, 0.0, 0.0, 0.0]",1.0,1.0,23.0,23.0
Pytesseract,15_9,0.0,,,,,
Pytesseract,15_10,0.0,,,,,
Pytesseract,15_11,0.0,,,,,
Pytesseract,15_12,0.0,,,,,
Pytesseract,15_13,0.0,"[0.0, 0.0, 0.0, 0.0]",1.0,1.7857142857142858,50.0,28.0
Pytesseract,16_0,0.08947279677053689,"[0.32663316582914576, 0.12626262626262627, 0.06091370558375635, 0.025510204081632654]",1.0,1.3092105263157894,199.0,152.0
Pytesseract,16_1,0.0,"[0.0, 0.0, 0.0, 0.0]",0.5488116360940264,0.625,20.0,32.0
Pytesseract,16_2,0.0,,,,,
Pytesseract,16_3,0.0,,,,,
Pytesseract,16_4,0.0,,,,,
Pytesseract,16_5,0.0,,,,,
Pytesseract,16_6,0.0,,,,,
Pytesseract,16_7,0.0,,,,,
Pytesseract,16_8,0.0,"[0.0, 0.0, 0.0, 0.0]",1.0,1.1176470588235294,19.0,17.0
Pytesseract,16_9,0.0,"[0.0, 0.0, 0.0, 0.0]",0.0024787521766663585,0.14285714285714285,1.0,7.0
Pytesseract,16_10,0.0,,,,,
Pytesseract,16_11,0.0,,,,,
Pytesseract,16_12,0.0,"[0.08, 0.0, 0.0, 0.0]",0.6187833918061408,0.6756756756756757,25.0,37.0
Pytesseract,16_13,0.0,"[0.0, 0.0, 0.0, 0.0]",1.0,1.8571428571428572,13.0,7.0
Pytesseract,17_0,0.16086764222510724,"[0.4852941176470588, 0.2315270935960591, 0.10891089108910891, 0.05472636815920398]",1.0,1.3421052631578947,204.0,152.0
Pytesseract,17_1,0.0,,,,,
Pytesseract,17_2,0.0,"[0.14285714285714285, 0.0, 0.0, 0.0]",0.11731916609425078,0.3181818181818182,7.0,22.0
Pytesseract,17_3,0.0,"[0.0, 0.0, 0.0, 0.0]",0.11455884399268769,0.3157894736842105,6.0,19.0
Pytesseract,17_4,0.0,,,,,
Pytesseract,17_5,0.0,"[0.18181818181818182, 0.0, 0.0, 0.0]",0.2557291599131006,0.4230769230769231,11.0,26.0
Pytesseract,17_6,0.0,"[0.0, 0.0, 0.0, 0.0]",0.846481724890614,0.8571428571428571,6.0,7.0
Pytesseract,17_7,0.0,"[0.0, 0.0, 0.0, 0.0]",0.00012340980408667956,0.1,2.0,20.0
Pytesseract,17_8,0.0,,,,,
Pytesseract,17_9,0.0,"[0.0, 0.0, 0.0, 0.0]",0.7574651283969664,0.782608695652174,18.0,23.0
Pytesseract,17_10,0.0,,,,,
Pytesseract,17_11,0.0,,,,,
Pytesseract,17_12,0.0,"[0.09090909090909091, 0.0, 0.0, 0.0]",0.441233167759984,0.55,11.0,20.0
Pytesseract,17_13,0.0,"[0.2, 0.0, 0.0, 0.0]",0.06081006262521795,0.2631578947368421,5.0,19.0
Pytesseract,18_0,0.19853654482952826,"[0.5371428571428571, 0.27586206896551724, 0.13872832369942195, 0.0755813953488372]",1.0,1.1513157894736843,175.0,152.0
Pytesseract,18_1,0.0,"[0.0, 0.0, 0.0, 0.0]",1.0,1.1666666666666667,7.0,6.0
Pytesseract,18_2,0.0,,,,,
Pytesseract,18_3,0.0,,,,,
Pytesseract,18_4,0.0,"[0.03125, 0.0, 0.0, 0.0]",1.0,1.032258064516129,32.0,31.0
Pytesseract,18_5,0.0,,,,,
Pytesseract,18_6,0.0,,,,,
Pytesseract,18_7,0.0,,,,,
Pytesseract,18_8,0.0,"[0.05263157894736842, 0.0, 0.0, 0.0]",0.45408372383450274,0.5588235294117647,19.0,34.0
Pytesseract,18_9,0.0,"[0.0, 0.0, 0.0, 0.0]",1.0,1.0,6.0,6.0
Pytesseract,18_10,0.0,"[0.0, 0.0, 0.0, 0.0]",0.18887560283756186,0.375,9.0,24.0
Pytesseract,18_11,0.0,"[0.3333333333333333, 0.0, 0.0, 0.0]",0.0004681758116527773,0.11538461538461539,3.0,26.0
Pytesseract,18_12,0.0,"[0.0, 0.0, 0.0, 0.0]",0.558035145770047,0.631578947368421,12.0,19.0
Pytesseract,18_13,0.0,"[0.038461538461538464, 0.0, 0.0, 0.0]",1.0,1.2380952380952381,26.0,21.0
Pytesseract,19_0,0.1583189372301328,"[0.45454545454545453, 0.1971153846153846, 0.1111111111111111, 0.06310679611650485]",1.0,1.375,209.0,152.0
Pytesseract,19_1,0.0,,,,,
Pytesseract,19_2,0.0,,,,,
Pytesseract,19_3,0.0,,,,,
Pytesseract,19_4,0.0,,,,,
Pytesseract,19_5,0.0,"[0.0, 0.0, 0.0, 0.0]",1.0,1.5,9.0,6.0
Pytesseract,19_6,0.0,"[0.02702702702702703, 0.0, 0.0, 0.0]",1.0,1.0,37.0,37.0
Pytesseract,19_7,0.0,"[0.07692307692307693, 0.0, 0.0, 0.0]",0.36787944117144233,0.5,13.0,26.0
Pytesseract,19_8,0.0,,,,,
Pytesseract,19_9,0.0,,,,,
Pytesseract,19_10,0.0,,,,,
Pytesseract,19_11,0.0,"[0.0, 0.0, 0.0, 0.0]",1.0,1.6129032258064515,50.0,31.0
Pytesseract,19_12,0.0,,,,,
Pytesseract,19_13,0.0,"[0.03773584905660377, 0.0, 0.0, 0.0]",1.0,2.65,53.0,20.0
Pytesseract,20_0,0.20853881511605543,"[0.5485714285714286, 0.29310344827586204, 0.14450867052023122, 0.08139534883720931]",1.0,1.1513157894736843,175.0,152.0
Pytesseract,20_1,0.0,,,,,
Pytesseract,20_2,0.0,,,,,
Pytesseract,20_3,0.0,,,,,
Pytesseract,20_4,0.0,,,,,
Pytesseract,20_5,0.0,,,,,
Pytesseract,20_6,0.0,"[0.07692307692307693, 0.0, 0.0, 0.0]",0.6303131865967199,0.6842105263157895,13.0,19.0
Pytesseract,20_7,0.0,,,,,
Pytesseract,20_8,0.0,,,,,
Pytesseract,20_9,0.0,"[0.0, 0.0, 0.0, 0.0]",0.8607079764250577,0.8695652173913043,20.0,23.0
Pytesseract,20_10,0.0,"[0.0, 0.0, 0.0, 0.0]",0.8539396656235351,0.8636363636363636,19.0,22.0
Pytesseract,20_11,0.0,"[0.0, 0.0, 0.0, 0.0]",0.0820849986238988,0.2857142857142857,2.0,7.0
Pytesseract,20_12,0.0,"[0.0, 0.0, 0.0, 0.0]",1.0,1.6666666666666667,10.0,6.0
Pytesseract,20_13,0.0,"[0.0, 0.0, 0.0, 0.0]",1.0,1.8636363636363635,41.0,22.0
gpt_refine_complex,1_0,0.5296030672401791,"[0.8778625954198473, 0.6846153846153846, 0.5581395348837209, 0.4453125]",0.8518836321100529,0.8618421052631579,131.0,152.0
gpt_refine_complex,1_1,0.0,"[0.8333333333333334, 0.6, 0.25, 0.0]",0.846481724890614,0.8571428571428571,6.0,7.0
gpt_refine_complex,1_2,1.0,"[1.0, 1.0, 1.0, 1.0]",1.0,1.0,7.0,7.0
gpt_refine_complex,1_3,0.0,"[0.2727272727272727, 0.09523809523809523, 0.05, 0.0]",0.7967034698934615,0.8148148148148148,22.0,27.0
gpt_refine_complex,1_4,0.0,"[0.5625, 0.2, 0.07142857142857142, 0.0]",0.8824969025845955,0.8888888888888888,16.0,18.0
gpt_refine_complex,1_5,1.0,"[1.0, 1.0, 1.0, 1.0]",1.0,1.0,6.0,6.0
gpt_refine_complex,1_6,0.6434588841607617,"[0.8571428571428571, 0.6666666666666666, 0.6, 0.5]",1.0,1.0,7.0,7.0
gpt_refine_complex,1_7,1.0,"[1.0, 1.0, 1.0, 1.0]",1.0,1.0,7.0,7.0
gpt_refine_complex,1_8,1.0,"[1.0, 1.0, 1.0, 1.0]",1.0,1.0,7.0,7.0
gpt_refine_complex,1_9,0.23861529330212874,"[0.44, 0.2916666666666667, 0.21739130434782608, 0.13636363636363635]",0.9607894391523232,0.9615384615384616,25.0,26.0
gpt_refine_complex,1_10,0.0,"[0.4444444444444444, 0.11764705882352941, 0.0625, 0.0]",0.9459594689067654,0.9473684210526315,18.0,19.0
gpt_refine_complex,1_11,0.0,"[0.3888888888888889, 0.11764705882352941, 0.0625, 0.0]",0.8007374029168082,0.8181818181818182,18.0,22.0
gpt_refine_complex,1_12,1.0,"[1.0, 1.0, 1.0, 1.0]",1.0,1.0,6.0,6.0
gpt_refine_complex,1_13,0.0,"[0.5416666666666666, 0.30434782608695654, 0.13636363636363635, 0.0]",0.846481724890614,0.8571428571428571,24.0,28.0
gpt_refine_complex,2_0,0.605852362832505,"[0.8865248226950354, 0.7142857142857143, 0.5899280575539568, 0.4927536231884058]",0.9249513065738011,0.9276315789473685,141.0,152.0
gpt_refine_complex,2_1,0.0,"[0.0, 0.0, 0.0, 0.0]",0.36787944117144233,0.5,1.0,2.0
gpt_refine_complex,2_2,0.0,"[0.47368421052631576, 0.1111111111111111, 0.0, 0.0]",0.6227038648477501,0.6785714285714286,19.0,28.0
gpt_refine_complex,2_3,0.20398353678804013,"[0.6190476190476191, 0.35, 0.21052631578947367, 0.05555555555555555]",0.909156442876713,0.9130434782608695,21.0,23.0
gpt_refine_complex,2_4,0.0,"[0.5263157894736842, 0.2222222222222222, 0.11764705882352941, 0.0]",0.9487294800164372,0.95,19.0,20.0
gpt_refine_complex,2_5,1.0,"[1.0, 1.0, 1.0, 1.0]",1.0,1.0,6.0,6.0
gpt_refine_complex,2_6,0.0,"[0.4782608695652174, 0.22727272727272727, 0.047619047619047616, 0.0]",0.9574533680683809,0.9583333333333334,23.0,24.0
gpt_refine_complex,2_7,0.0,"[0.6875, 0.26666666666666666, 0.07142857142857142, 0.0]",0.7788007830714049,0.8,16.0,20.0
gpt_refine_complex,2_8,0.15759732040670943,"[0.5652173913043478, 0.2727272727272727, 0.09523809523809523, 0.05]",0.9574533680683809,0.9583333333333334,23.0,24.0
gpt_refine_complex,2_9,0.6434588841607617,"[0.8571428571428571, 0.6666666666666666, 0.6, 0.5]",1.0,1.1666666666666667,7.0,6.0
gpt_refine_complex,2_10,0.537284965911771,"[0.8333333333333334, 0.6, 0.5, 0.3333333333333333]",1.0,1.0,6.0,6.0
gpt_refine_complex,2_11,0.0,"[0.4444444444444444, 0.11764705882352941, 0.0, 0.0]",0.8007374029168082,0.8181818181818182,18.0,22.0
gpt_refine_complex,2_12,0.32996156842059327,"[0.631578947368421, 0.3888888888888889, 0.29411764705882354, 0.25]",0.9000876262522594,0.9047619047619048,19.0,21.0
gpt_refine_complex,2_13,1.0,"[1.0, 1.0, 1.0, 1.0]",1.0,1.0,6.0,6.0
gpt_refine_complex,2_14,0.0,"[0.3333333333333333, 0.11764705882352941, 0.0625, 0.0]",0.6778095780054504,0.72,18.0,25.0
gpt_refine_complex,3_0,0.4550620579545193,"[0.6798029556650246, 0.504950495049505, 0.40298507462686567, 0.31]",1.0,1.3355263157894737,203.0,152.0
gpt_refine_complex,3_1,0.21233470585998823,"[0.5217391304347826, 0.2727272727272727, 0.14285714285714285, 0.1]",1.0,1.0454545454545454,23.0,22.0
gpt_refine_complex,3_2,0.25638685577115294,"[0.48148148148148145, 0.2692307692307692, 0.2, 0.16666666666666666]",1.0,1.125,27.0,24.0
gpt_refine_complex,3_3,0.17401517708317757,"[0.5789473684210527, 0.3333333333333333, 0.17647058823529413, 0.0625]",0.8101577349324267,0.8260869565217391,19.0,23.0
gpt_refine_complex,3_4,1.0,"[1.0, 1.0, 1.0, 1.0]",1.0,1.0,6.0,6.0
gpt_refine_complex,3_5,0.4347208719449914,"[0.7142857142857143, 0.5, 0.4, 0.25]",1.0,1.0,7.0,7.0
gpt_refine_complex,3_6,0.0,"[0.625, 0.3333333333333333, 0.14285714285714285, 0.0]",0.7788007830714049,0.8,16.0,20.0
gpt_refine_complex,3_7,0.19758734716574208,"[0.42857142857142855, 0.2222222222222222, 0.15384615384615385, 0.12]",0.9649159443723702,0.9655172413793104,28.0,29.0
gpt_refine_complex,3_8,0.0,"[0.5238095238095238, 0.2, 0.0, 0.0]",0.9534969548334766,0.9545454545454546,21.0,22.0
gpt_refine_complex,3_9,0.0,"[0.6666666666666666, 0.2, 0.0, 0.0]",1.0,1.0,6.0,6.0
gpt_refine_complex,3_10,0.0,"[0.47368421052631576, 0.16666666666666666, 0.0, 0.0]",0.7686205265937356,0.7916666666666666,19.0,24.0
gpt_refine_complex,3_11,0.0,"[0.25, 0.06666666666666667, 0.0, 0.0]",0.8824969025845955,0.8888888888888888,16.0,18.0
gpt_refine_complex,3_12,0.0,"[0.35714285714285715, 0.07692307692307693, 0.0, 0.0]",0.6514390575310556,0.7,14.0,20.0
gpt_refine_complex,3_13,0.537284965911771,"[0.8333333333333334, 0.6, 0.5, 0.3333333333333333]",1.0,1.0,6.0,6.0
gpt_refine_complex,4_0,0.5147689748739592,"[0.6728971962616822, 0.568075117370892, 0.4669811320754717, 0.3933649289099526]",1.0,1.4078947368421053,214.0,152.0
gpt_refine_complex,4_1,0.0,"[0.8333333333333334, 0.6, 0.25, 0.0]",1.0,1.0,6.0,6.0
gpt_refine_complex,4_2,0.24609462348978553,"[0.5789473684210527, 0.3333333333333333, 0.23529411764705882, 0.1875]",0.8101577349324267,0.8260869565217391,19.0,23.0
gpt_refine_complex,4_3,0.0,"[0.5, 0.21739130434782608, 0.045454545454545456, 0.0]",1.0,1.0434782608695652,24.0,23.0
gpt_refine_complex,4_4,1.0,"[1.0, 1.0, 1.0, 1.0]",1.0,1.0,6.0,6.0
gpt_refine_complex,4_5,0.0,"[0.8333333333333334, 0.6, 0.25, 0.0]",1.0,1.0,6.0,6.0
gpt_refine_complex,4_6,0.21510983141296627,"[0.5384615384615384, 0.32, 0.16666666666666666, 0.08695652173913043]",0.9622687143632572,0.9629629629629629,26.0,27.0
gpt_refine_complex,4_7,0.16419328162096689,"[0.8888888888888888, 0.625, 0.42857142857142855, 0.16666666666666666]",0.36787944117144233,0.5,9.0,18.0
gpt_refine_complex,4_8,0.537284965911771,"[0.8333333333333334, 0.6, 0.5, 0.3333333333333333]",1.0,1.0,6.0,6.0
gpt_refine_complex,4_9,0.488923022434901,"[0.8571428571428571, 0.6666666666666666, 0.4, 0.25]",1.0,1.0,7.0,7.0
gpt_refine_complex,4_10,1.0,"[1.0, 1.0, 1.0, 1.0]",1.0,1.0,7.0,7.0
gpt_refine_complex,4_11,0.21684388706887905,"[0.6111111111111112, 0.4117647058823529, 0.25, 0.13333333333333333]",0.7165313105737893,0.75,18.0,24.0
gpt_refine_complex,4_12,0.11741473432581424,"[0.36363636363636365, 0.14285714285714285, 0.1, 0.05263157894736842]",0.9131007162822622,0.9166666666666666,22.0,24.0
gpt_refine_complex,4_13,0.5647181220077593,"[1.0, 1.0, 1.0, 1.0]",0.5647181220077593,0.6363636363636364,7.0,11.0
gpt_refine_complex,5_0,0.5271489965743011,"[0.8968253968253969, 0.728, 0.5725806451612904, 0.4715447154471545]",0.8135489302211806,0.8289473684210527,126.0,152.0
gpt_refine_complex,5_1,0.0,"[0.0, 0.0, 0.0, 0.0]",1.0,1.0,1.0,1.0
gpt_refine_complex,5_2,0.0,"[0.5185185185185185, 0.23076923076923078, 0.12, 0.0]",0.8948393168143697,0.9,27.0,30.0
gpt_refine_complex,5_3,0.0,"[0.3181818181818182, 0.14285714285714285, 0.05, 0.0]",0.7274705090242835,0.7586206896551724,22.0,29.0
gpt_refine_complex,5_4,0.0,"[0.47368421052631576, 0.1111111111111111, 0.0, 0.0]",0.8101577349324267,0.8260869565217391,19.0,23.0
gpt_refine_complex,5_5,0.0,"[0.5, 0.13333333333333333, 0.0, 0.0]",0.7316156289466418,0.7619047619047619,16.0,21.0
gpt_refine_complex,5_6,0.1665262071675369,"[0.6111111111111112, 0.29411764705882354, 0.125, 0.06666666666666667]",0.846481724890614,0.8571428571428571,18.0,21.0
gpt_refine_complex,5_7,0.6434588841607617,"[0.8571428571428571, 0.6666666666666666, 0.6, 0.5]",1.0,1.0,7.0,7.0
gpt_refine_complex,5_8,0.39022826939671895,"[0.8571428571428571, 0.65, 0.47368421052631576, 0.3333333333333333]",0.7165313105737893,0.75,21.0,28.0
gpt_refine_complex,5_9,0.0,"[0.4166666666666667, 0.13043478260869565, 0.045454545454545456, 0.0]",0.9591894571091382,0.96,24.0,25.0
gpt_refine_complex,5_10,1.0,"[1.0, 1.0, 1.0, 1.0]",1.0,1.0,6.0,6.0
gpt_refine_complex,5_11,0.21908920773861065,"[0.5294117647058824, 0.3125, 0.26666666666666666, 0.21428571428571427]",0.7026185226629954,0.7391304347826086,17.0,23.0
gpt_refine_complex,5_12,0.1335666407643422,"[0.625, 0.26666666666666666, 0.14285714285714285, 0.07692307692307693]",0.645648526427892,0.6956521739130435,16.0,23.0
gpt_refine_complex,5_13,0.19319794288373765,"[0.45, 0.3157894736842105, 0.16666666666666666, 0.058823529411764705]",1.0,1.1111111111111112,20.0,18.0
gpt_refine_complex,5_14,0.21658670514848039,"[0.56, 0.2916666666666667, 0.17391304347826086, 0.09090909090909091]",0.9607894391523232,0.9615384615384616,25.0,26.0
gpt_refine_complex,6_0,0.3301052449085331,"[0.5078534031413613, 0.3684210526315789, 0.291005291005291, 0.21808510638297873]",1.0,1.256578947368421,191.0,152.0
gpt_refine_complex,6_1,0.0,"[0.0, 0.0, 0.0, 0.0]",1.0,1.0,1.0,1.0
gpt_refine_complex,6_2,0.32286146945875427,"[0.5789473684210527, 0.3888888888888889, 0.29411764705882354, 0.25]",0.9000876262522594,0.9047619047619048,19.0,21.0
gpt_refine_complex,6_3,0.0,"[0.3333333333333333, 0.07142857142857142, 0.0, 0.0]",0.6703200460356393,0.7142857142857143,15.0,21.0
gpt_refine_complex,6_4,0.0,"[0.2857142857142857, 0.0, 0.0, 0.0]",1.0,1.0,14.0,14.0
gpt_refine_complex,6_5,0.0,"[0.4375, 0.2, 0.07142857142857142, 0.0]",0.9394130628134758,0.9411764705882353,16.0,17.0
gpt_refine_complex,6_6,0.0,"[0.6666666666666666, 0.2, 0.0, 0.0]",0.846481724890614,0.8571428571428571,6.0,7.0
gpt_refine_complex,6_7,0.0,"[0.45454545454545453, 0.14285714285714285, 0.05, 0.0]",1.0,1.0476190476190477,22.0,21.0
gpt_refine_complex,6_8,0.0,"[0.8333333333333334, 0.6, 0.25, 0.0]",0.846481724890614,0.8571428571428571,6.0,7.0
gpt_refine_complex,6_9,0.42383656282787796,"[0.8571428571428571, 0.6666666666666666, 0.4, 0.25]",0.8668778997501817,0.875,7.0,8.0
gpt_refine_complex,6_10,0.16234676720992364,"[0.5263157894736842, 0.2777777777777778, 0.17647058823529413, 0.0625]",0.8101577349324267,0.8260869565217391,19.0,23.0
gpt_refine_complex,6_11,0.0,"[0.35294117647058826, 0.0625, 0.0, 0.0]",0.8890097654027757,0.8947368421052632,17.0,19.0
gpt_refine_complex,6_12,0.0,"[0.4117647058823529, 0.0625, 0.0, 0.0]",1.0,1.0,17.0,17.0
gpt_refine_complex,6_13,0.0,"[0.8333333333333334, 0.6, 0.25, 0.0]",0.846481724890614,0.8571428571428571,6.0,7.0
gpt_refine_complex,6_14,0.0,"[0.35, 0.10526315789473684, 0.0, 0.0]",0.951229424500714,0.9523809523809523,20.0,21.0
gpt_refine_complex,7_0,0.39316232617574487,"[0.9238095238095239, 0.6923076923076923, 0.5436893203883495, 0.4117647058823529]",0.639148122658818,0.6907894736842105,105.0,152.0
gpt_refine_complex,7_1,0.0,"[0.6666666666666666, 0.2, 0.0, 0.0]",1.0,1.0,6.0,6.0
gpt_refine_complex,7_2,0.0,"[0.36, 0.08333333333333333, 0.0, 0.0]",0.9231163463866358,0.9259259259259259,25.0,27.0
gpt_refine_complex,7_3,0.0,"[0.8333333333333334, 0.6, 0.25, 0.0]",0.846481724890614,0.8571428571428571,6.0,7.0
gpt_refine_complex,7_4,0.30702571862234085,"[0.5909090909090909, 0.38095238095238093, 0.25, 0.15789473684210525]",1.0,1.0,22.0,22.0
gpt_refine_complex,7_5,0.0,"[0.6666666666666666, 0.2, 0.0, 0.0]",0.846481724890614,0.8571428571428571,6.0,7.0
gpt_refine_complex,7_6,0.0,"[0.7142857142857143, 0.3333333333333333, 0.0, 0.0]",0.8668778997501817,0.875,7.0,8.0
gpt_refine_complex,7_7,0.537284965911771,"[0.8333333333333334, 0.6, 0.5, 0.3333333333333333]",1.0,1.0,6.0,6.0
gpt_refine_complex,7_8,0.0,"[0.4, 0.21052631578947367, 0.1111111111111111, 0.0]",0.951229424500714,0.9523809523809523,20.0,21.0
gpt_refine_complex,7_9,0.0,"[0.8333333333333334, 0.6, 0.25, 0.0]",0.846481724890614,0.8571428571428571,6.0,7.0
gpt_refine_complex,7_10,1.0,"[1.0, 1.0, 1.0, 1.0]",1.0,1.0,7.0,7.0
gpt_refine_complex,7_11,0.6434588841607617,"[0.8571428571428571, 0.6666666666666666, 0.6, 0.5]",1.0,1.0,7.0,7.0
gpt_refine_complex,7_12,0.0,"[0.5238095238095238, 0.2, 0.0, 0.0]",0.751477293075286,0.7777777777777778,21.0,27.0
gpt_refine_complex,7_13,0.0,"[0.2727272727272727, 0.047619047619047616, 0.0, 0.0]",1.0,1.2222222222222223,22.0,18.0
gpt_refine_complex,8_0,0.4550620579545193,"[0.6798029556650246, 0.504950495049505, 0.40298507462686567, 0.31]",1.0,1.3355263157894737,203.0,152.0
gpt_refine_complex,8_1,1.0,"[1.0, 1.0, 1.0, 1.0]",1.0,1.0,6.0,6.0
gpt_refine_complex,8_2,0.3397151640901309,"[0.6666666666666666, 0.43478260869565216, 0.3181818181818182, 0.23809523809523808]",0.8824969025845955,0.8888888888888888,24.0,27.0
gpt_refine_complex,8_3,0.0,"[0.6153846153846154, 0.36, 0.16666666666666666, 0.0]",0.925961078642316,0.9285714285714286,26.0,28.0
gpt_refine_complex,8_4,0.0,"[0.4583333333333333, 0.13043478260869565, 0.045454545454545456, 0.0]",1.0,1.0434782608695652,24.0,23.0
gpt_refine_complex,8_5,0.0,"[0.5, 0.17647058823529413, 0.0, 0.0]",0.5427474811642219,0.6206896551724138,18.0,29.0
gpt_refine_complex,8_6,0.0,"[0.13333333333333333, 0.0, 0.0, 0.0]",0.6270890852730561,0.6818181818181818,15.0,22.0
gpt_refine_complex,8_7,0.2910624919304027,"[0.5454545454545454, 0.3333333333333333, 0.25, 0.15789473684210525]",1.0,1.0,22.0,22.0
gpt_refine_complex,8_8,0.0,"[0.2, 0.041666666666666664, 0.0, 0.0]",0.9231163463866358,0.9259259259259259,25.0,27.0
gpt_refine_complex,8_9,0.0,"[0.5882352941176471, 0.3125, 0.06666666666666667, 0.0]",0.7451888170134805,0.7727272727272727,17.0,22.0
gpt_refine_complex,8_10,0.4370668891751392,"[0.7272727272727273, 0.5714285714285714, 0.4, 0.3157894736842105]",0.9131007162822622,0.9166666666666666,22.0,24.0
gpt_refine_complex,8_11,0.0,"[0.34615384615384615, 0.08, 0.0, 0.0]",1.0,1.1818181818181819,26.0,22.0
gpt_refine_complex,8_12,0.0,"[0.8333333333333334, 0.6, 0.25, 0.0]",0.43459820850707814,0.5454545454545454,6.0,11.0
gpt_refine_complex,8_13,0.42383656282787796,"[0.8571428571428571, 0.6666666666666666, 0.4, 0.25]",0.8668778997501817,0.875,7.0,8.0
gpt_refine_complex,9_0,0.49114069665929067,"[0.6859903381642513, 0.5339805825242718, 0.44390243902439025, 0.35784313725490197]",1.0,1.361842105263158,207.0,152.0
gpt_refine_complex,9_1,0.0,"[0.375, 0.14285714285714285, 0.0, 0.0]",1.0,1.1428571428571428,8.0,7.0
gpt_refine_complex,9_2,0.2588173346314121,"[0.5185185185185185, 0.34615384615384615, 0.2, 0.125]",1.0,1.173913043478261,27.0,23.0
gpt_refine_complex,9_3,0.6431870218238024,"[0.8333333333333334, 0.8, 0.75, 0.6666666666666666]",0.846481724890614,0.8571428571428571,6.0,7.0
gpt_refine_complex,9_4,0.0,"[0.6666666666666666, 0.2, 0.0, 0.0]",0.846481724890614,0.8571428571428571,6.0,7.0
gpt_refine_complex,9_5,0.0,"[0.6666666666666666, 0.2, 0.0, 0.0]",0.846481724890614,0.8571428571428571,6.0,7.0
gpt_refine_complex,9_6,0.6434588841607617,"[0.8571428571428571, 0.6666666666666666, 0.6, 0.5]",1.0,1.0,7.0,7.0
gpt_refine_complex,9_7,0.0,"[0.6666666666666666, 0.2, 0.0, 0.0]",0.846481724890614,0.8571428571428571,6.0,7.0
gpt_refine_complex,9_8,0.488923022434901,"[0.8571428571428571, 0.6666666666666666, 0.4, 0.25]",1.0,1.0,7.0,7.0
gpt_refine_complex,9_9,0.2536152344751313,"[0.631578947368421, 0.3888888888888889, 0.29411764705882354, 0.25]",0.6918258252705171,0.7307692307692307,19.0,26.0
gpt_refine_complex,9_10,0.0,"[0.6666666666666666, 0.375, 0.0, 0.0]",0.36787944117144233,0.5,9.0,18.0
gpt_refine_complex,9_11,0.4347208719449914,"[0.7142857142857143, 0.5, 0.4, 0.25]",1.0,1.1666666666666667,7.0,6.0
gpt_refine_complex,9_12,0.22802564499479722,"[0.6956521739130435, 0.4090909090909091, 0.19047619047619047, 0.1]",0.8403699701308981,0.8518518518518519,23.0,27.0
gpt_refine_complex,9_13,0.6434588841607617,"[0.8571428571428571, 0.6666666666666666, 0.6, 0.5]",1.0,1.1666666666666667,7.0,6.0
gpt_refine_complex,10_0,0.49114069665929067,"[0.6859903381642513, 0.5339805825242718, 0.44390243902439025, 0.35784313725490197]",1.0,1.361842105263158,207.0,152.0
gpt_refine_complex,10_1,0.537284965911771,"[0.8333333333333334, 0.6, 0.5, 0.3333333333333333]",1.0,1.0,6.0,6.0
gpt_refine_complex,10_2,0.0,"[0.5217391304347826, 0.2727272727272727, 0.09523809523809523, 0.0]",0.7376042638218265,0.7666666666666667,23.0,30.0
gpt_refine_complex,10_3,1.0,"[1.0, 1.0, 1.0, 1.0]",1.0,1.0,6.0,6.0
gpt_refine_complex,10_4,0.0,"[0.55, 0.3157894736842105, 0.16666666666666666, 0.0]",0.8187307530779819,0.8333333333333334,20.0,24.0
gpt_refine_complex,10_5,1.0,"[1.0, 1.0, 1.0, 1.0]",1.0,1.0,6.0,6.0
gpt_refine_complex,10_6,0.0,"[0.4782608695652174, 0.18181818181818182, 0.0, 0.0]",0.8403699701308981,0.8518518518518519,23.0,27.0
gpt_refine_complex,10_7,0.0,"[0.2, 0.07142857142857142, 0.0, 0.0]",0.6270890852730561,0.6818181818181818,15.0,22.0
gpt_refine_complex,10_8,0.0,"[0.8333333333333334, 0.6, 0.25, 0.0]",1.0,1.0,6.0,6.0
gpt_refine_complex,10_9,0.6434588841607617,"[0.8571428571428571, 0.6666666666666666, 0.6, 0.5]",1.0,1.1666666666666667,7.0,6.0
gpt_refine_complex,10_10,0.1590542798683595,"[0.5882352941176471, 0.3125, 0.2, 0.07142857142857142]",0.7026185226629954,0.7391304347826086,17.0,23.0
gpt_refine_complex,10_11,0.7598356856515925,"[0.8333333333333334, 0.8, 0.75, 0.6666666666666666]",1.0,1.0,6.0,6.0
gpt_refine_complex,10_12,0.19101156890802765,"[0.6, 0.2857142857142857, 0.23076923076923078, 0.16666666666666666]",0.6703200460356393,0.7142857142857143,15.0,21.0
gpt_refine_complex,10_13,0.0,"[0.5333333333333333, 0.2857142857142857, 0.07692307692307693, 0.0]",0.6703200460356393,0.7142857142857143,15.0,21.0
gpt_refine_complex,11_0,0.6379778849167069,"[0.9057971014492754, 0.7737226277372263, 0.6470588235294118, 0.5481481481481482]",0.9035270092600377,0.9078947368421053,138.0,152.0
gpt_refine_complex,11_1,0.537284965911771,"[0.8333333333333334, 0.6, 0.5, 0.3333333333333333]",1.0,1.0,6.0,6.0
gpt_refine_complex,11_2,0.537284965911771,"[0.8333333333333334, 0.6, 0.5, 0.3333333333333333]",1.0,1.0,6.0,6.0
gpt_refine_complex,11_3,0.0,"[0.5333333333333333, 0.2857142857142857, 0.15384615384615385, 0.0]",0.6703200460356393,0.7142857142857143,15.0,21.0
gpt_refine_complex,11_4,0.537284965911771,"[0.8333333333333334, 0.6, 0.5, 0.3333333333333333]",1.0,1.0,6.0,6.0
gpt_refine_complex,11_5,0.0,"[0.375, 0.13333333333333333, 0.0, 0.0]",0.6872892787909722,0.7272727272727273,16.0,22.0
gpt_refine_complex,11_6,0.537284965911771,"[0.8333333333333334, 0.6, 0.5, 0.3333333333333333]",1.0,1.0,6.0,6.0
gpt_refine_complex,11_7,1.0,"[1.0, 1.0, 1.0, 1.0]",1.0,1.0,6.0,6.0
gpt_refine_complex,11_8,1.0,"[1.0, 1.0, 1.0, 1.0]",1.0,1.0,7.0,7.0
gpt_refine_complex,11_9,0.6731821382417487,"[1.0, 0.8, 0.75, 0.6666666666666666]",0.846481724890614,0.8571428571428571,6.0,7.0
gpt_refine_complex,11_10,0.537284965911771,"[0.8333333333333334, 0.6, 0.5, 0.3333333333333333]",1.0,1.0,6.0,6.0
gpt_refine_complex,11_11,0.0,"[0.3333333333333333, 0.0, 0.0, 0.0]",0.7165313105737893,0.75,18.0,24.0
gpt_refine_complex,11_12,1.0,"[1.0, 1.0, 1.0, 1.0]",1.0,1.0,7.0,7.0
gpt_refine_complex,11_13,1.0,"[1.0, 1.0, 1.0, 1.0]",1.0,1.0,7.0,7.0
gpt_refine_complex,12_0,0.5161310096419455,"[0.676056338028169, 0.5660377358490566, 0.46919431279620855, 0.3952380952380952]",1.0,1.4013157894736843,213.0,152.0
gpt_refine_complex,12_1,0.0,"[0.5625, 0.2, 0.07142857142857142, 0.0]",0.5028315779709409,0.5925925925925926,16.0,27.0
gpt_refine_complex,12_2,0.0,"[0.3333333333333333, 0.0, 0.0, 0.0]",0.513417119032592,0.6,12.0,20.0
gpt_refine_complex,12_3,0.6434588841607617,"[0.8571428571428571, 0.6666666666666666, 0.6, 0.5]",1.0,1.1666666666666667,7.0,6.0
gpt_refine_complex,12_4,0.537284965911771,"[0.8333333333333334, 0.6, 0.5, 0.3333333333333333]",1.0,1.2,6.0,5.0
gpt_refine_complex,12_5,0.0,"[0.7142857142857143, 0.5, 0.2, 0.0]",1.0,1.1666666666666667,7.0,6.0
gpt_refine_complex,12_6,0.15478539187472418,"[0.45454545454545453, 0.23809523809523808, 0.15, 0.10526315789473684]",0.7613003866968737,0.7857142857142857,22.0,28.0
gpt_refine_complex,12_7,0.0,"[0.5217391304347826, 0.13636363636363635, 0.0, 0.0]",0.8046150583253528,0.8214285714285714,23.0,28.0
gpt_refine_complex,12_8,0.15077961452172084,"[0.6666666666666666, 0.35294117647058826, 0.125, 0.06666666666666667]",0.7165313105737893,0.75,18.0,24.0
gpt_refine_complex,12_9,0.0,"[0.38461538461538464, 0.16666666666666666, 0.0, 0.0]",0.50041992036057,0.5909090909090909,13.0,22.0
gpt_refine_complex,12_10,0.0,"[0.6666666666666666, 0.2, 0.0, 0.0]",0.846481724890614,0.8571428571428571,6.0,7.0
gpt_refine_complex,12_11,0.0,"[0.6666666666666666, 0.2, 0.0, 0.0]",0.846481724890614,0.8571428571428571,6.0,7.0
gpt_refine_complex,12_12,0.0,"[0.625, 0.3333333333333333, 0.14285714285714285, 0.0]",0.569782824730923,0.64,16.0,25.0
gpt_refine_complex,12_13,0.0,"[0.3888888888888889, 0.17647058823529413, 0.0, 0.0]",0.7165313105737893,0.75,18.0,24.0
gpt_refine_complex,13_0,0.5546867790347683,"[0.7894736842105263, 0.6235294117647059, 0.4970414201183432, 0.3869047619047619]",1.0,1.125,171.0,152.0
gpt_refine_complex,13_1,0.0,"[0.8333333333333334, 0.6, 0.25, 0.0]",0.846481724890614,0.8571428571428571,6.0,7.0
gpt_refine_complex,13_2,1.0,"[1.0, 1.0, 1.0, 1.0]",1.0,1.0,8.0,8.0
gpt_refine_complex,13_3,0.0,"[0.17647058823529413, 0.0, 0.0, 0.0]",0.6246347280002745,0.68,17.0,25.0
gpt_refine_complex,13_4,0.0,"[0.8333333333333334, 0.6, 0.25, 0.0]",0.846481724890614,0.8571428571428571,6.0,7.0
gpt_refine_complex,13_5,0.0,"[0.4, 0.15789473684210525, 0.05555555555555555, 0.0]",0.8187307530779819,0.8333333333333334,20.0,24.0
gpt_refine_complex,13_6,0.0,"[0.5, 0.23076923076923078, 0.0, 0.0]",0.6514390575310556,0.7,14.0,20.0
gpt_refine_complex,13_7,0.0,"[0.8333333333333334, 0.6, 0.25, 0.0]",0.846481724890614,0.8571428571428571,6.0,7.0
gpt_refine_complex,13_8,0.0,"[0.7142857142857143, 0.3333333333333333, 0.0, 0.0]",0.8668778997501817,0.875,7.0,8.0
gpt_refine_complex,13_9,0.0,"[0.45454545454545453, 0.23809523809523808, 0.05, 0.0]",0.8725252928694237,0.88,22.0,25.0
gpt_refine_complex,13_10,0.1743271943581106,"[0.75, 0.2222222222222222, 0.19230769230769232, 0.16]",0.6514390575310556,0.7,28.0,40.0
gpt_refine_complex,13_11,0.2385651995810178,"[0.5882352941176471, 0.3125, 0.26666666666666666, 0.21428571428571427]",0.7451888170134805,0.7727272727272727,17.0,22.0
gpt_refine_complex,13_12,0.0,"[0.6571428571428571, 0.20588235294117646, 0.030303030303030304, 0.0]",0.5183301641981067,0.603448275862069,35.0,58.0
gpt_refine_complex,13_13,0.0,"[0.7777777777777778, 0.5, 0.2857142857142857, 0.0]",0.8948393168143697,0.9,9.0,10.0
gpt_refine_complex,14_0,0.7171698937667196,"[0.8910256410256411, 0.7806451612903226, 0.6688311688311688, 0.5686274509803921]",1.0,1.0263157894736843,156.0,152.0
gpt_refine_complex,14_1,0.4347208719449914,"[0.7142857142857143, 0.5, 0.4, 0.25]",1.0,1.0,7.0,7.0
gpt_refine_complex,14_2,0.17510534784233256,"[0.6521739130434783, 0.4090909090909091, 0.23809523809523808, 0.05]",0.7376042638218265,0.7666666666666667,23.0,30.0
gpt_refine_complex,14_3,0.18471706734883164,"[0.5789473684210527, 0.2777777777777778, 0.17647058823529413, 0.0625]",0.9000876262522594,0.9047619047619048,19.0,21.0
gpt_refine_complex,14_4,0.537284965911771,"[0.8333333333333334, 0.6, 0.5, 0.3333333333333333]",1.0,1.0,6.0,6.0
gpt_refine_complex,14_5,0.537284965911771,"[0.8333333333333334, 0.6, 0.5, 0.3333333333333333]",1.0,1.0,6.0,6.0
gpt_refine_complex,14_6,0.0,"[0.5, 0.14285714285714285, 0.0, 0.0]",1.0,1.1428571428571428,8.0,7.0
gpt_refine_complex,14_7,0.16216797745412598,"[0.52, 0.3333333333333333, 0.21739130434782608, 0.09090909090909091]",0.6703200460356393,0.7142857142857143,25.0,35.0
gpt_refine_complex,14_8,0.0,"[0.45454545454545453, 0.1, 0.0, 0.0]",0.36787944117144233,0.5,11.0,22.0
gpt_refine_complex,14_9,0.11100757760876476,"[0.4666666666666667, 0.21428571428571427, 0.15384615384615385, 0.08333333333333333]",0.5866462195100318,0.6521739130434783,15.0,23.0
gpt_refine_complex,14_10,0.537284965911771,"[0.8333333333333334, 0.6, 0.5, 0.3333333333333333]",1.0,1.0,6.0,6.0
gpt_refine_complex,14_11,0.0,"[0.7083333333333334, 0.30434782608695654, 0.09090909090909091, 0.0]",0.8824969025845955,0.8888888888888888,24.0,27.0
gpt_refine_complex,14_12,0.0,"[0.5, 0.14285714285714285, 0.0, 0.0]",1.0,1.3333333333333333,8.0,6.0
gpt_refine_complex,14_13,0.537284965911771,"[0.8333333333333334, 0.6, 0.5, 0.3333333333333333]",1.0,1.0,6.0,6.0
gpt_refine_complex,15_0,0.5161310096419455,"[0.676056338028169, 0.5660377358490566, 0.46919431279620855, 0.3952380952380952]",1.0,1.4013157894736843,213.0,152.0
gpt_refine_complex,15_1,0.0,"[0.36363636363636365, 0.047619047619047616, 0.0, 0.0]",0.6642538428642955,0.7096774193548387,22.0,31.0
gpt_refine_complex,15_2,0.0,"[0.6666666666666666, 0.4, 0.0, 0.0]",1.0,1.0,6.0,6.0
gpt_refine_complex,15_3,1.0,"[1.0, 1.0, 1.0, 1.0]",1.0,1.0,6.0,6.0
gpt_refine_complex,15_4,1.0,"[1.0, 1.0, 1.0, 1.0]",1.0,1.0,6.0,6.0
gpt_refine_complex,15_5,1.0,"[1.0, 1.0, 1.0, 1.0]",1.0,1.0,7.0,7.0
gpt_refine_complex,15_6,0.0,"[0.55, 0.3157894736842105, 0.1111111111111111, 0.0]",0.6376281516217733,0.6896551724137931,20.0,29.0
gpt_refine_complex,15_7,1.0,"[1.0, 1.0, 1.0, 1.0]",1.0,1.0,6.0,6.0
gpt_refine_complex,15_8,0.0,"[0.47368421052631576, 0.16666666666666666, 0.058823529411764705, 0.0]",0.8101577349324267,0.8260869565217391,19.0,23.0
gpt_refine_complex,15_9,1.0,"[1.0, 1.0, 1.0, 1.0]",1.0,1.0,6.0,6.0
gpt_refine_complex,15_10,1.0,"[1.0, 1.0, 1.0, 1.0]",1.0,1.0,6.0,6.0
gpt_refine_complex,15_11,1.0,"[1.0, 1.0, 1.0, 1.0]",1.0,1.0,6.0,6.0
gpt_refine_complex,15_12,0.537284965911771,"[0.8333333333333334, 0.6, 0.5, 0.3333333333333333]",1.0,1.0,6.0,6.0
gpt_refine_complex,15_13,0.0,"[0.32, 0.08333333333333333, 0.0, 0.0]",0.8869204367171576,0.8928571428571429,25.0,28.0
gpt_refine_complex,16_0,0.6371814446575627,"[0.8943661971830986, 0.7588652482269503, 0.6214285714285714, 0.5179856115107914]",0.9319999339074818,0.9342105263157895,142.0,152.0
gpt_refine_complex,16_1,0.2447379626851035,"[0.5769230769230769, 0.36, 0.25, 0.17391304347826086]",0.7939226578179512,0.8125,26.0,32.0
gpt_refine_complex,16_2,0.0,"[0.4375, 0.2, 0.07142857142857142, 0.0]",0.8290291181804004,0.8421052631578947,16.0,19.0
gpt_refine_complex,16_3,0.0,"[0.42105263157894735, 0.1111111111111111, 0.058823529411764705, 0.0]",0.9000876262522594,0.9047619047619048,19.0,21.0
gpt_refine_complex,16_4,0.0,"[0.6666666666666666, 0.4, 0.0, 0.0]",0.846481724890614,0.8571428571428571,6.0,7.0
gpt_refine_complex,16_5,0.42383656282787796,"[0.8571428571428571, 0.6666666666666666, 0.4, 0.25]",0.8668778997501817,0.875,7.0,8.0
gpt_refine_complex,16_6,1.0,"[1.0, 1.0, 1.0, 1.0]",1.0,1.0,7.0,7.0
gpt_refine_complex,16_7,0.537284965911771,"[0.8333333333333334, 0.6, 0.5, 0.3333333333333333]",1.0,1.0,6.0,6.0
gpt_refine_complex,16_8,0.2082198320914845,"[0.42857142857142855, 0.25, 0.15789473684210525, 0.1111111111111111]",1.0,1.2352941176470589,21.0,17.0
gpt_refine_complex,16_9,0.0,"[0.8333333333333334, 0.6, 0.25, 0.0]",0.846481724890614,0.8571428571428571,6.0,7.0
gpt_refine_complex,16_10,0.0,"[0.5, 0.2, 0.0, 0.0]",0.846481724890614,0.8571428571428571,6.0,7.0
gpt_refine_complex,16_11,1.0,"[1.0, 1.0, 1.0, 1.0]",1.0,1.0,7.0,7.0
gpt_refine_complex,16_12,0.16086400036256873,"[0.4666666666666667, 0.27586206896551724, 0.17857142857142858, 0.07407407407407407]",0.7918895663367818,0.8108108108108109,30.0,37.0
gpt_refine_complex,16_13,0.6434588841607617,"[0.8571428571428571, 0.6666666666666666, 0.6, 0.5]",1.0,1.0,7.0,7.0
gpt_refine_complex,17_0,0.5161310096419455,"[0.676056338028169, 0.5660377358490566, 0.46919431279620855, 0.3952380952380952]",1.0,1.4013157894736843,213.0,152.0
gpt_refine_complex,17_1,1.0,"[1.0, 1.0, 1.0, 1.0]",1.0,1.0,8.0,8.0
gpt_refine_complex,17_2,0.0,"[0.35294117647058826, 0.1875, 0.06666666666666667, 0.0]",0.7451888170134805,0.7727272727272727,17.0,22.0
gpt_refine_complex,17_3,0.0,"[0.4, 0.14285714285714285, 0.07692307692307693, 0.0]",0.7659283383646487,0.7894736842105263,15.0,19.0
gpt_refine_complex,17_4,0.0,"[0.8333333333333334, 0.6, 0.25, 0.0]",0.846481724890614,0.8571428571428571,6.0,7.0
gpt_refine_complex,17_5,0.0,"[0.5238095238095238, 0.2, 0.0, 0.0]",0.788127627745311,0.8076923076923077,21.0,26.0
gpt_refine_complex,17_6,0.0,"[0.6666666666666666, 0.2, 0.0, 0.0]",0.846481724890614,0.8571428571428571,6.0,7.0
gpt_refine_complex,17_7,0.0,"[0.625, 0.3333333333333333, 0.14285714285714285, 0.0]",0.7788007830714049,0.8,16.0,20.0
gpt_refine_complex,17_8,0.0,"[0.3333333333333333, 0.0, 0.0, 0.0]",0.513417119032592,0.6,9.0,15.0
gpt_refine_complex,17_9,0.32700290934087334,"[0.6521739130434783, 0.4090909090909091, 0.2857142857142857, 0.15]",1.0,1.0,23.0,23.0
gpt_refine_complex,17_10,0.0,"[0.8333333333333334, 0.6, 0.25, 0.0]",0.846481724890614,0.8571428571428571,6.0,7.0
gpt_refine_complex,17_11,1.0,"[1.0, 1.0, 1.0, 1.0]",1.0,1.0,7.0,7.0
gpt_refine_complex,17_12,0.1640438021985772,"[0.6, 0.35714285714285715, 0.15384615384615385, 0.08333333333333333]",0.7165313105737893,0.75,15.0,20.0
gpt_refine_complex,17_13,0.0,"[0.2222222222222222, 0.0, 0.0, 0.0]",0.9459594689067654,0.9473684210526315,18.0,19.0
gpt_refine_complex,18_0,0.5161310096419455,"[0.676056338028169, 0.5660377358490566, 0.46919431279620855, 0.3952380952380952]",1.0,1.4013157894736843,213.0,152.0
gpt_refine_complex,18_1,1.0,"[1.0, 1.0, 1.0, 1.0]",1.0,1.0,6.0,6.0
gpt_refine_complex,18_2,0.0,"[0.8333333333333334, 0.6, 0.25, 0.0]",0.846481724890614,0.8571428571428571,6.0,7.0
gpt_refine_complex,18_3,1.0,"[1.0, 1.0, 1.0, 1.0]",1.0,1.0,7.0,7.0
gpt_refine_complex,18_4,0.11315655591881238,"[0.52, 0.20833333333333334, 0.08695652173913043, 0.045454545454545456]",0.7866278610665535,0.8064516129032258,25.0,31.0
gpt_refine_complex,18_5,1.0,"[1.0, 1.0, 1.0, 1.0]",1.0,1.0,6.0,6.0
gpt_refine_complex,18_6,0.0,"[0.8333333333333334, 0.6, 0.25, 0.0]",1.0,1.0,6.0,6.0
gpt_refine_complex,18_7,0.11962420817857651,"[0.42857142857142855, 0.25, 0.15789473684210525, 0.05555555555555555]",0.6832104226749482,0.7241379310344828,21.0,29.0
gpt_refine_complex,18_8,0.0,"[0.46153846153846156, 0.08, 0.0, 0.0]",0.7351414805916845,0.7647058823529411,26.0,34.0
gpt_refine_complex,18_9,1.0,"[1.0, 1.0, 1.0, 1.0]",1.0,1.0,6.0,6.0
gpt_refine_complex,18_10,0.26576936986455085,"[0.6363636363636364, 0.42857142857142855, 0.25, 0.10526315789473684]",0.9131007162822622,0.9166666666666666,22.0,24.0
gpt_refine_complex,18_11,0.0,"[0.3125, 0.13333333333333333, 0.07142857142857142, 0.0]",0.5352614285189903,0.6153846153846154,16.0,26.0
gpt_refine_complex,18_12,0.0,"[0.23529411764705882, 0.0625, 0.0, 0.0]",0.8890097654027757,0.8947368421052632,17.0,19.0
gpt_refine_complex,18_13,0.0,"[0.4666666666666667, 0.21428571428571427, 0.07692307692307693, 0.0]",0.6703200460356393,0.7142857142857143,15.0,21.0
gpt_refine_complex,19_0,0.5311833639559365,"[0.8928571428571429, 0.6690647482014388, 0.5144927536231884, 0.36496350364963503]",0.9178564384568926,0.9210526315789473,140.0,152.0
gpt_refine_complex,19_1,1.0,"[1.0, 1.0, 1.0, 1.0]",1.0,1.0,6.0,6.0
gpt_refine_complex,19_2,0.0,"[0.8333333333333334, 0.6, 0.25, 0.0]",1.0,1.0,6.0,6.0
gpt_refine_complex,19_3,0.8187307530779819,"[1.0, 1.0, 1.0, 1.0]",0.8187307530779819,0.8333333333333334,5.0,6.0
gpt_refine_complex,19_4,1.0,"[1.0, 1.0, 1.0, 1.0]",1.0,1.0,7.0,7.0
gpt_refine_complex,19_5,1.0,"[1.0, 1.0, 1.0, 1.0]",1.0,1.0,6.0,6.0
gpt_refine_complex,19_6,0.0,"[0.44, 0.16666666666666666, 0.043478260869565216, 0.0]",0.6187833918061408,0.6756756756756757,25.0,37.0
gpt_refine_complex,19_7,0.12469192515065067,"[0.42857142857142855, 0.25, 0.10526315789473684, 0.05555555555555555]",0.788127627745311,0.8076923076923077,21.0,26.0
gpt_refine_complex,19_8,0.0,"[0.3888888888888889, 0.058823529411764705, 0.0, 0.0]",0.846481724890614,0.8571428571428571,18.0,21.0
gpt_refine_complex,19_9,1.0,"[1.0, 1.0, 1.0, 1.0]",1.0,1.0,6.0,6.0
gpt_refine_complex,19_10,1.0,"[1.0, 1.0, 1.0, 1.0]",1.0,1.0,6.0,6.0
gpt_refine_complex,19_11,0.0,"[0.46153846153846156, 0.16, 0.041666666666666664, 0.0]",0.825052966980536,0.8387096774193549,26.0,31.0
gpt_refine_complex,19_12,1.0,"[1.0, 1.0, 1.0, 1.0]",1.0,1.0,6.0,6.0
gpt_refine_complex,19_13,0.0,"[0.5789473684210527, 0.16666666666666666, 0.058823529411764705, 0.0]",0.9487294800164372,0.95,19.0,20.0
gpt_refine_complex,20_0,0.5296030672401791,"[0.8778625954198473, 0.6846153846153846, 0.5581395348837209, 0.4453125]",0.8518836321100529,0.8618421052631579,131.0,152.0
gpt_refine_complex,20_1,1.0,"[1.0, 1.0, 1.0, 1.0]",1.0,1.0,6.0,6.0
gpt_refine_complex,20_2,0.5789300674674098,"[1.0, 0.75, 0.6666666666666666, 0.5]",0.8187307530779819,0.8333333333333334,5.0,6.0
gpt_refine_complex,20_3,0.41113361690051975,"[0.5714285714285714, 0.5, 0.4, 0.25]",1.0,1.0,7.0,7.0
gpt_refine_complex,20_4,0.6434588841607617,"[0.8571428571428571, 0.6666666666666666, 0.6, 0.5]",1.0,1.1666666666666667,7.0,6.0
gpt_refine_complex,20_5,0.0,"[0.4, 0.0, 0.0, 0.0]",0.513417119032592,0.6,15.0,25.0
gpt_refine_complex,20_6,0.0,"[0.38461538461538464, 0.0, 0.0, 0.0]",0.6303131865967199,0.6842105263157895,13.0,19.0
gpt_refine_complex,20_7,1.0,"[1.0, 1.0, 1.0, 1.0]",1.0,1.0,7.0,7.0
gpt_refine_complex,20_8,0.0,"[0.8333333333333334, 0.6, 0.25, 0.0]",0.846481724890614,0.8571428571428571,6.0,7.0
gpt_refine_complex,20_9,0.28344584812651086,"[0.6666666666666666, 0.47058823529411764, 0.3125, 0.2]",0.7574651283969664,0.782608695652174,18.0,23.0
gpt_refine_complex,20_10,0.0,"[0.7058823529411765, 0.3125, 0.13333333333333333, 0.0]",0.7451888170134805,0.7727272727272727,17.0,22.0
gpt_refine_complex,20_11,0.0,"[0.8333333333333334, 0.6, 0.25, 0.0]",0.846481724890614,0.8571428571428571,6.0,7.0
gpt_refine_complex,20_12,1.0,"[1.0, 1.0, 1.0, 1.0]",1.0,1.0,6.0,6.0
gpt_refine_complex,20_13,0.1611433525002005,"[0.6875, 0.4, 0.14285714285714285, 0.07692307692307693]",0.6872892787909722,0.7272727272727273,16.0,22.0
claude_two_text_example,1_0,0.1436778403583776,"[0.925, 0.5063291139240507, 0.2564102564102564, 0.12987012987012986]",0.40656965974059905,0.5263157894736842,80.0,152.0
claude_two_text_example,1_2,1.0,"[1.0, 1.0, 1.0, 1.0]",1.0,1.0,7.0,7.0
claude_two_text_example,1_4,0.0,"[0.38461538461538464, 0.08333333333333333, 0.0, 0.0]",0.6807123983233854,0.7222222222222222,13.0,18.0
claude_two_text_example,1_5,0.0,"[0.7142857142857143, 0.5, 0.2, 0.0]",1.0,1.1666666666666667,7.0,6.0
claude_two_text_example,1_6,1.0,"[1.0, 1.0, 1.0, 1.0]",1.0,1.0,7.0,7.0
claude_two_text_example,1_7,0.8091067115702212,"[0.8571428571428571, 0.8333333333333334, 0.8, 0.75]",1.0,1.0,7.0,7.0
claude_two_text_example,1_8,1.0,"[1.0, 1.0, 1.0, 1.0]",1.0,1.0,7.0,7.0
claude_two_text_example,1_9,0.24386272093446126,"[0.6, 0.2916666666666667, 0.17391304347826086, 0.13636363636363635]",0.9607894391523232,0.9615384615384616,25.0,26.0
claude_two_text_example,1_10,0.0,"[0.3333333333333333, 0.058823529411764705, 0.0, 0.0]",0.9459594689067654,0.9473684210526315,18.0,19.0
claude_two_text_example,1_11,0.0,"[0.38095238095238093, 0.1, 0.0, 0.0]",0.9534969548334766,0.9545454545454546,21.0,22.0
claude_two_text_example,1_12,1.0,"[1.0, 1.0, 1.0, 1.0]",1.0,1.0,6.0,6.0
claude_two_text_example,1_13,0.0,"[0.5238095238095238, 0.2, 0.05263157894736842, 0.0]",0.7165313105737893,0.75,21.0,28.0
claude_two_text_example,2_0,0.1003866022698968,"[0.9117647058823529, 0.417910447761194, 0.24242424242424243, 0.15384615384615385]",0.2907492353099861,0.4473684210526316,68.0,152.0
claude_two_text_example,2_1,0.0,"[1.0, 0.0, 0.0, 0.0]",0.36787944117144233,0.5,1.0,2.0
claude_two_text_example,2_2,0.0,"[0.3333333333333333, 0.13043478260869565, 0.045454545454545456, 0.0]",0.846481724890614,0.8571428571428571,24.0,28.0
claude_two_text_example,2_3,0.1221043509844431,"[0.42105263157894735, 0.16666666666666666, 0.11764705882352941, 0.0625]",0.8101577349324267,0.8260869565217391,19.0,23.0
claude_two_text_example,2_4,0.0,"[0.5, 0.21052631578947367, 0.05555555555555555, 0.0]",1.0,1.0,20.0,20.0
claude_two_text_example,2_5,1.0,"[1.0, 1.0, 1.0, 1.0]",1.0,1.0,6.0,6.0
claude_two_text_example,2_6,0.26089079480885013,"[0.5909090909090909, 0.42857142857142855, 0.25, 0.10526315789473684]",0.9131007162822622,0.9166666666666666,22.0,24.0
claude_two_text_example,2_7,0.21602941163066305,"[0.7058823529411765, 0.4375, 0.2, 0.07142857142857142]",0.8382234324229999,0.85,17.0,20.0
claude_two_text_example,2_8,0.0,"[0.42857142857142855, 0.15, 0.05263157894736842, 0.0]",0.8668778997501817,0.875,21.0,24.0
claude_two_text_example,2_9,1.0,"[1.0, 1.0, 1.0, 1.0]",1.0,1.0,6.0,6.0
claude_two_text_example,2_10,0.0,"[0.8333333333333334, 0.6, 0.25, 0.0]",1.0,1.0,6.0,6.0
claude_two_text_example,2_11,0.0,"[0.5, 0.15789473684210525, 0.0, 0.0]",0.9048374180359595,0.9090909090909091,20.0,22.0
claude_two_text_example,2_12,0.3775584206975752,"[0.631578947368421, 0.4444444444444444, 0.35294117647058826, 0.3125]",0.9000876262522594,0.9047619047619048,19.0,21.0
claude_two_text_example,2_13,1.0,"[1.0, 1.0, 1.0, 1.0]",1.0,1.0,6.0,6.0
claude_two_text_example,2_14,0.112197180035009,"[0.36363636363636365, 0.14285714285714285, 0.1, 0.05263157894736842]",0.8725252928694237,0.88,22.0,25.0
claude_two_text_example,3_0,0.0780772808621059,"[0.5975609756097561, 0.2716049382716049, 0.1375, 0.05063291139240506]",0.4258540757488069,0.5394736842105263,82.0,152.0
claude_two_text_example,3_1,0.12858902882463452,"[0.36363636363636365, 0.14285714285714285, 0.1, 0.05263157894736842]",1.0,1.0,22.0,22.0
claude_two_text_example,3_2,0.0,"[0.3076923076923077, 0.08, 0.041666666666666664, 0.0]",1.0,1.0833333333333333,26.0,24.0
claude_two_text_example,3_3,0.28489318277723963,"[0.43478260869565216, 0.3181818181818182, 0.23809523809523808, 0.2]",1.0,1.0,23.0,23.0
claude_two_text_example,3_4,1.0,"[1.0, 1.0, 1.0, 1.0]",1.0,1.0,6.0,6.0
claude_two_text_example,3_5,1.0,"[1.0, 1.0, 1.0, 1.0]",1.0,1.0,7.0,7.0
claude_two_text_example,3_6,0.2076047003130265,"[0.6, 0.3157894736842105, 0.16666666666666666, 0.058823529411764705]",1.0,1.0,20.0,20.0
claude_two_text_example,3_7,0.0,"[0.48, 0.25, 0.08695652173913043, 0.0]",0.8521437889662112,0.8620689655172413,25.0,29.0
claude_two_text_example,3_8,0.25376192011638,"[0.5909090909090909, 0.3333333333333333, 0.2, 0.10526315789473684]",1.0,1.0,22.0,22.0
claude_two_text_example,3_9,1.0,"[1.0, 1.0, 1.0, 1.0]",1.0,1.0,6.0,6.0
claude_two_text_example,3_10,0.0,"[0.2608695652173913, 0.045454545454545456, 0.0, 0.0]",0.9574533680683809,0.9583333333333334,23.0,24.0
claude_two_text_example,3_11,0.15989214998944032,"[0.4444444444444444, 0.17647058823529413, 0.125, 0.06666666666666667]",1.0,1.0,18.0,18.0
claude_two_text_example,3_12,0.0,"[0.4166666666666667, 0.09090909090909091, 0.0, 0.0]",0.513417119032592,0.6,12.0,20.0
claude_two_text_example,3_13,0.0,"[0.7142857142857143, 0.5, 0.2, 0.0]",1.0,1.1666666666666667,7.0,6.0
claude_two_text_example,4_0,0.11599323560489197,"[0.6060606060606061, 0.29591836734693877, 0.16494845360824742, 0.052083333333333336]",0.5854622719415307,0.6513157894736842,99.0,152.0
claude_two_text_example,4_1,0.0,"[0.8333333333333334, 0.6, 0.25, 0.0]",1.0,1.0,6.0,6.0
claude_two_text_example,4_2,0.0,"[0.5909090909090909, 0.23809523809523808, 0.05, 0.0]",0.9555630362682843,0.9565217391304348,22.0,23.0
claude_two_text_example,4_3,0.22117856823621687,"[0.4444444444444444, 0.2692307692307692, 0.16, 0.125]",1.0,1.173913043478261,27.0,23.0
claude_two_text_example,4_4,0.0,"[0.8333333333333334, 0.6, 0.25, 0.0]",1.0,1.0,6.0,6.0
claude_two_text_example,4_5,0.0,"[0.8333333333333334, 0.6, 0.25, 0.0]",1.0,1.0,6.0,6.0
claude_two_text_example,4_6,0.16837042920553355,"[0.48, 0.2916666666666667, 0.17391304347826086, 0.045454545454545456]",0.9231163463866358,0.9259259259259259,25.0,27.0
claude_two_text_example,4_7,0.0,"[0.5833333333333334, 0.36363636363636365, 0.2, 0.0]",0.6065306597126334,0.6666666666666666,12.0,18.0
claude_two_text_example,4_8,1.0,"[1.0, 1.0, 1.0, 1.0]",1.0,1.0,6.0,6.0
claude_two_text_example,4_9,0.488923022434901,"[0.8571428571428571, 0.6666666666666666, 0.4, 0.25]",1.0,1.0,7.0,7.0
claude_two_text_example,4_10,0.488923022434901,"[0.8571428571428571, 0.6666666666666666, 0.4, 0.25]",1.0,1.0,7.0,7.0
claude_two_text_example,4_11,0.0,"[0.625, 0.26666666666666666, 0.07142857142857142, 0.0]",0.6065306597126334,0.6666666666666666,16.0,24.0
claude_two_text_example,4_12,0.0,"[0.375, 0.043478260869565216, 0.0, 0.0]",1.0,1.0,24.0,24.0
claude_two_text_example,4_13,0.5647181220077593,"[1.0, 1.0, 1.0, 1.0]",0.5647181220077593,0.6363636363636364,7.0,11.0
claude_two_text_example,5_0,0.067283858837676,"[0.782608695652174, 0.3235294117647059, 0.16417910447761194, 0.06060606060606061]",0.30032244924551166,0.45394736842105265,69.0,152.0
claude_two_text_example,5_1,0.0,"[1.0, 0.0, 0.0, 0.0]",1.0,1.0,1.0,1.0
claude_two_text_example,5_2,0.0,"[0.2727272727272727, 0.047619047619047616, 0.0, 0.0]",0.6951439283988786,0.7333333333333333,22.0,30.0
claude_two_text_example,5_3,0.1371248436533182,"[0.47368421052631576, 0.2777777777777778, 0.17647058823529413, 0.125]",0.5907775139012316,0.6551724137931034,19.0,29.0
claude_two_text_example,5_4,0.0,"[0.15789473684210525, 0.05555555555555555, 0.0, 0.0]",0.8101577349324267,0.8260869565217391,19.0,23.0
claude_two_text_example,5_5,0.0,"[0.5, 0.29411764705882354, 0.0625, 0.0]",0.846481724890614,0.8571428571428571,18.0,21.0
claude_two_text_example,5_6,0.0,"[0.3333333333333333, 0.15, 0.05263157894736842, 0.0]",1.0,1.0,21.0,21.0
claude_two_text_example,5_7,1.0,"[1.0, 1.0, 1.0, 1.0]",1.0,1.0,7.0,7.0
claude_two_text_example,5_8,0.0,"[0.5714285714285714, 0.25, 0.05263157894736842, 0.0]",0.7165313105737893,0.75,21.0,28.0
claude_two_text_example,5_9,0.0,"[0.43478260869565216, 0.13636363636363635, 0.047619047619047616, 0.0]",0.9167169520254864,0.92,23.0,25.0
claude_two_text_example,5_10,1.0,"[1.0, 1.0, 1.0, 1.0]",1.0,1.0,6.0,6.0
claude_two_text_example,5_11,0.0,"[0.21428571428571427, 0.0, 0.0, 0.0]",0.5257880244257798,0.6086956521739131,14.0,23.0
claude_two_text_example,5_12,0.0,"[0.45, 0.15789473684210525, 0.05555555555555555, 0.0]",0.8607079764250577,0.8695652173913043,20.0,23.0
claude_two_text_example,5_13,0.16684116849673647,"[0.4117647058823529, 0.25, 0.13333333333333333, 0.07142857142857142]",0.9428731438548749,0.9444444444444444,17.0,18.0
claude_two_text_example,5_14,0.24392491713904826,"[0.625, 0.30434782608695654, 0.18181818181818182, 0.14285714285714285]",0.9200444146293233,0.9230769230769231,24.0,26.0
claude_two_text_example,6_0,0.2303651186863095,"[0.6542056074766355, 0.39622641509433965, 0.2761904761904762, 0.21153846153846154]",0.6566784856269209,0.7039473684210527,107.0,152.0
claude_two_text_example,6_1,0.0,"[0.0, 0.0, 0.0, 0.0]",1.0,1.0,1.0,1.0
claude_two_text_example,6_2,0.4498062466836449,"[0.6666666666666666, 0.5, 0.3684210526315789, 0.3333333333333333]",1.0,1.0,21.0,21.0
claude_two_text_example,6_3,0.0,"[0.29411764705882354, 0.0625, 0.0, 0.0]",0.7903383629814982,0.8095238095238095,17.0,21.0
claude_two_text_example,6_4,0.0,"[0.5384615384615384, 0.16666666666666666, 0.0, 0.0]",0.925961078642316,0.9285714285714286,13.0,14.0
claude_two_text_example,6_5,0.0,"[0.3076923076923077, 0.16666666666666666, 0.09090909090909091, 0.0]",0.7351414805916845,0.7647058823529411,13.0,17.0
claude_two_text_example,6_6,0.6434588841607617,"[0.8571428571428571, 0.6666666666666666, 0.6, 0.5]",1.0,1.0,7.0,7.0
claude_two_text_example,6_7,0.13327185295344932,"[0.5, 0.3076923076923077, 0.16666666666666666, 0.09090909090909091]",0.6065306597126334,0.6666666666666666,14.0,21.0
claude_two_text_example,6_8,0.0,"[0.8333333333333334, 0.6, 0.25, 0.0]",0.846481724890614,0.8571428571428571,6.0,7.0
claude_two_text_example,6_9,0.0,"[0.75, 0.5714285714285714, 0.3333333333333333, 0.0]",1.0,1.0,8.0,8.0
claude_two_text_example,6_10,0.0,"[0.47058823529411764, 0.0625, 0.0, 0.0]",0.7026185226629954,0.7391304347826086,17.0,23.0
claude_two_text_example,6_11,0.0,"[0.25, 0.09090909090909091, 0.0, 0.0]",0.558035145770047,0.631578947368421,12.0,19.0
claude_two_text_example,6_12,0.0,"[0.6428571428571429, 0.23076923076923078, 0.08333333333333333, 0.0]",0.8071177470053892,0.8235294117647058,14.0,17.0
claude_two_text_example,6_13,0.0,"[0.7142857142857143, 0.5, 0.2, 0.0]",1.0,1.0,7.0,7.0
claude_two_text_example,6_14,0.0,"[0.2631578947368421, 0.1111111111111111, 0.058823529411764705, 0.0]",0.9000876262522594,0.9047619047619048,19.0,21.0
claude_two_text_example,7_0,0.07432340992557489,"[0.7972972972972973, 0.3013698630136986, 0.1527777777777778, 0.056338028169014086]",0.3485219543540323,0.4868421052631579,74.0,152.0
claude_two_text_example,7_1,0.0,"[0.6666666666666666, 0.2, 0.0, 0.0]",1.0,1.0,6.0,6.0
claude_two_text_example,7_2,0.0,"[0.30434782608695654, 0.13636363636363635, 0.047619047619047616, 0.0]",0.8403699701308981,0.8518518518518519,23.0,27.0
claude_two_text_example,7_3,0.4347208719449914,"[0.7142857142857143, 0.5, 0.4, 0.25]",1.0,1.0,7.0,7.0
claude_two_text_example,7_4,0.0,"[0.42857142857142855, 0.2, 0.10526315789473684, 0.0]",0.9534969548334766,0.9545454545454546,21.0,22.0
claude_two_text_example,7_5,0.488923022434901,"[0.8571428571428571, 0.6666666666666666, 0.4, 0.25]",1.0,1.0,7.0,7.0
claude_two_text_example,7_6,0.7259795291154771,"[0.7777777777777778, 0.75, 0.7142857142857143, 0.6666666666666666]",1.0,1.125,9.0,8.0
claude_two_text_example,7_7,0.0,"[0.8333333333333334, 0.6, 0.25, 0.0]",1.0,1.0,6.0,6.0
claude_two_text_example,7_8,0.0,"[0.38095238095238093, 0.1, 0.05263157894736842, 0.0]",1.0,1.0,21.0,21.0
claude_two_text_example,7_9,0.0,"[0.6666666666666666, 0.4, 0.25, 0.0]",0.846481724890614,0.8571428571428571,6.0,7.0
claude_two_text_example,7_10,0.6147881529512643,"[0.7142857142857143, 0.6666666666666666, 0.6, 0.5]",1.0,1.0,7.0,7.0
claude_two_text_example,7_11,0.0,"[0.7142857142857143, 0.3333333333333333, 0.2, 0.0]",1.0,1.0,7.0,7.0
claude_two_text_example,7_12,0.11651171421535282,"[0.5555555555555556, 0.29411764705882354, 0.125, 0.06666666666666667]",0.6065306597126334,0.6666666666666666,18.0,27.0
claude_two_text_example,7_13,0.0,"[0.3333333333333333, 0.11764705882352941, 0.0625, 0.0]",1.0,1.0,18.0,18.0
claude_two_text_example,8_0,0.05498471367328737,"[0.9152542372881356, 0.39655172413793105, 0.19298245614035087, 0.07142857142857142]",0.20674457466952018,0.3881578947368421,59.0,152.0
claude_two_text_example,8_1,0.0,"[0.7142857142857143, 0.5, 0.2, 0.0]",1.0,1.1666666666666667,7.0,6.0
claude_two_text_example,8_2,0.27207494191587045,"[0.5, 0.34782608695652173, 0.2727272727272727, 0.19047619047619047]",0.8824969025845955,0.8888888888888888,24.0,27.0
claude_two_text_example,8_3,0.33357682765274765,"[0.6666666666666666, 0.46153846153846156, 0.28, 0.16666666666666666]",0.9636404443012863,0.9642857142857143,27.0,28.0
claude_two_text_example,8_4,0.0,"[0.4782608695652174, 0.22727272727272727, 0.047619047619047616, 0.0]",1.0,1.0,23.0,23.0
claude_two_text_example,8_5,0.0,"[0.39285714285714285, 0.1111111111111111, 0.038461538461538464, 0.0]",0.9649159443723702,0.9655172413793104,28.0,29.0
claude_two_text_example,8_6,0.0,"[0.25, 0.0, 0.0, 0.0]",0.6872892787909722,0.7272727272727273,16.0,22.0
claude_two_text_example,8_7,0.0,"[0.3, 0.10526315789473684, 0.05555555555555555, 0.0]",0.9048374180359595,0.9090909090909091,20.0,22.0
claude_two_text_example,8_8,0.0,"[0.55, 0.2631578947368421, 0.05555555555555555, 0.0]",0.7046880897187133,0.7407407407407407,20.0,27.0
claude_two_text_example,8_9,0.1655911376111478,"[0.5, 0.2857142857142857, 0.1, 0.05263157894736842]",1.0,1.0,22.0,22.0
claude_two_text_example,8_10,0.3005180557366462,"[0.5416666666666666, 0.34782608695652173, 0.22727272727272727, 0.19047619047619047]",1.0,1.0,24.0,24.0
claude_two_text_example,8_11,0.0,"[0.32, 0.125, 0.043478260869565216, 0.0]",1.0,1.1363636363636365,25.0,22.0
claude_two_text_example,8_12,0.0,"[0.8571428571428571, 0.6666666666666666, 0.4, 0.0]",0.5647181220077593,0.6363636363636364,7.0,11.0
claude_two_text_example,8_13,0.0,"[0.75, 0.42857142857142855, 0.16666666666666666, 0.0]",1.0,1.0,8.0,8.0
claude_two_text_example,9_0,0.08729729964771459,"[0.6451612903225806, 0.2826086956521739, 0.12087912087912088, 0.03333333333333333]",0.5302489837168286,0.6118421052631579,93.0,152.0
claude_two_text_example,9_1,1.0,"[1.0, 1.0, 1.0, 1.0]",1.0,1.0,7.0,7.0
claude_two_text_example,9_2,0.0,"[0.48, 0.16666666666666666, 0.043478260869565216, 0.0]",1.0,1.0869565217391304,25.0,23.0
claude_two_text_example,9_3,1.0,"[1.0, 1.0, 1.0, 1.0]",1.0,1.0,7.0,7.0
claude_two_text_example,9_4,0.0,"[0.8571428571428571, 0.6666666666666666, 0.4, 0.0]",1.0,1.0,7.0,7.0
claude_two_text_example,9_5,0.0,"[0.8333333333333334, 0.6, 0.25, 0.0]",0.846481724890614,0.8571428571428571,6.0,7.0
claude_two_text_example,9_6,1.0,"[1.0, 1.0, 1.0, 1.0]",1.0,1.0,7.0,7.0
claude_two_text_example,9_7,1.0,"[1.0, 1.0, 1.0, 1.0]",1.0,1.0,7.0,7.0
claude_two_text_example,9_8,1.0,"[1.0, 1.0, 1.0, 1.0]",1.0,1.0,7.0,7.0
claude_two_text_example,9_9,0.0,"[0.631578947368421, 0.2222222222222222, 0.11764705882352941, 0.0]",0.6918258252705171,0.7307692307692307,19.0,26.0
claude_two_text_example,9_10,0.0,"[0.15384615384615385, 0.0, 0.0, 0.0]",0.6807123983233854,0.7222222222222222,13.0,18.0
claude_two_text_example,9_11,1.0,"[1.0, 1.0, 1.0, 1.0]",1.0,1.0,6.0,6.0
claude_two_text_example,9_12,0.0,"[0.4782608695652174, 0.18181818181818182, 0.047619047619047616, 0.0]",0.8403699701308981,0.8518518518518519,23.0,27.0
claude_two_text_example,9_13,0.5081327481546147,"[0.6666666666666666, 0.6, 0.5, 0.3333333333333333]",1.0,1.0,6.0,6.0
claude_two_text_example,10_0,0.0919477524089398,"[0.8831168831168831, 0.39473684210526316, 0.18666666666666668, 0.05405405405405406]",0.3775599276970476,0.506578947368421,77.0,152.0
claude_two_text_example,10_1,1.0,"[1.0, 1.0, 1.0, 1.0]",1.0,1.0,6.0,6.0
claude_two_text_example,10_2,0.0,"[0.46153846153846156, 0.08, 0.0, 0.0]",0.8574039191604413,0.8666666666666667,26.0,30.0
claude_two_text_example,10_3,1.0,"[1.0, 1.0, 1.0, 1.0]",1.0,1.0,6.0,6.0
claude_two_text_example,10_4,0.23914974031169642,"[0.6190476190476191, 0.4, 0.21052631578947367, 0.1111111111111111]",0.8668778997501817,0.875,21.0,24.0
claude_two_text_example,10_5,0.0,"[0.5714285714285714, 0.3333333333333333, 0.0, 0.0]",1.0,1.1666666666666667,7.0,6.0
claude_two_text_example,10_6,0.2064769664805046,"[0.5, 0.2857142857142857, 0.2, 0.15789473684210525]",0.7967034698934615,0.8148148148148148,22.0,27.0
claude_two_text_example,10_7,0.0,"[0.15384615384615385, 0.0, 0.0, 0.0]",0.50041992036057,0.5909090909090909,13.0,22.0
claude_two_text_example,10_8,0.0,"[0.6666666666666666, 0.4, 0.25, 0.0]",1.0,1.0,6.0,6.0
claude_two_text_example,10_9,0.41113361690051975,"[0.5714285714285714, 0.5, 0.4, 0.25]",1.0,1.1666666666666667,7.0,6.0
claude_two_text_example,10_10,0.0,"[0.3157894736842105, 0.1111111111111111, 0.058823529411764705, 0.0]",0.8101577349324267,0.8260869565217391,19.0,23.0
claude_two_text_example,10_11,1.0,"[1.0, 1.0, 1.0, 1.0]",1.0,1.0,6.0,6.0
claude_two_text_example,10_12,0.0,"[0.26666666666666666, 0.0, 0.0, 0.0]",0.6703200460356393,0.7142857142857143,15.0,21.0
claude_two_text_example,10_13,0.0,"[0.6153846153846154, 0.3333333333333333, 0.18181818181818182, 0.0]",0.5404329964865341,0.6190476190476191,13.0,21.0
claude_two_text_example,11_0,0.10411945064542598,"[0.8554216867469879, 0.35365853658536583, 0.1728395061728395, 0.0625]",0.43547177245145685,0.5460526315789473,83.0,152.0
claude_two_text_example,11_1,0.0,"[0.5714285714285714, 0.3333333333333333, 0.0, 0.0]",1.0,1.1666666666666667,7.0,6.0
claude_two_text_example,11_2,0.0,"[0.8333333333333334, 0.6, 0.25, 0.0]",1.0,1.0,6.0,6.0
claude_two_text_example,11_3,0.0,"[0.5384615384615384, 0.16666666666666666, 0.0, 0.0]",0.5404329964865341,0.6190476190476191,13.0,21.0
claude_two_text_example,11_4,0.0,"[0.8333333333333334, 0.6, 0.25, 0.0]",1.0,1.0,6.0,6.0
claude_two_text_example,11_5,0.0,"[0.2, 0.0, 0.0, 0.0]",0.6270890852730561,0.6818181818181818,15.0,22.0
claude_two_text_example,11_6,0.0,"[0.6666666666666666, 0.4, 0.0, 0.0]",1.0,1.0,6.0,6.0
claude_two_text_example,11_7,0.0,"[0.8333333333333334, 0.6, 0.25, 0.0]",1.0,1.0,6.0,6.0
claude_two_text_example,11_8,0.0,"[0.5, 0.2857142857142857, 0.0, 0.0]",1.0,1.1428571428571428,8.0,7.0
claude_two_text_example,11_9,0.6731821382417487,"[1.0, 0.8, 0.75, 0.6666666666666666]",0.846481724890614,0.8571428571428571,6.0,7.0
claude_two_text_example,11_10,0.0,"[0.7142857142857143, 0.5, 0.2, 0.0]",1.0,1.1666666666666667,7.0,6.0
claude_two_text_example,11_11,0.0,"[0.2631578947368421, 0.05555555555555555, 0.0, 0.0]",0.7686205265937356,0.7916666666666666,19.0,24.0
claude_two_text_example,11_12,0.488923022434901,"[0.8571428571428571, 0.6666666666666666, 0.4, 0.25]",1.0,1.0,7.0,7.0
claude_two_text_example,11_13,0.488923022434901,"[0.8571428571428571, 0.6666666666666666, 0.4, 0.25]",1.0,1.0,7.0,7.0
claude_two_text_example,12_0,0.11411796912410226,"[0.6344086021505376, 0.2826086956521739, 0.15384615384615385, 0.07777777777777778]",0.5302489837168286,0.6118421052631579,93.0,152.0
claude_two_text_example,12_1,0.0,"[0.5333333333333333, 0.2857142857142857, 0.07692307692307693, 0.0]",0.4493289641172217,0.5555555555555556,15.0,27.0
claude_two_text_example,12_2,0.0,"[0.36363636363636365, 0.1, 0.0, 0.0]",0.441233167759984,0.55,11.0,20.0
claude_two_text_example,12_3,0.6147881529512643,"[0.7142857142857143, 0.6666666666666666, 0.6, 0.5]",1.0,1.1666666666666667,7.0,6.0
claude_two_text_example,12_4,0.0,"[0.5, 0.2, 0.0, 0.0]",1.0,1.2,6.0,5.0
claude_two_text_example,12_5,0.0,"[0.375, 0.14285714285714285, 0.0, 0.0]",1.0,1.3333333333333333,8.0,6.0
claude_two_text_example,12_6,0.0,"[0.4, 0.16666666666666666, 0.043478260869565216, 0.0]",0.8869204367171576,0.8928571428571429,25.0,28.0
claude_two_text_example,12_7,0.0,"[0.2608695652173913, 0.0, 0.0, 0.0]",0.8046150583253528,0.8214285714285714,23.0,28.0
claude_two_text_example,12_8,0.0,"[0.5263157894736842, 0.1111111111111111, 0.0, 0.0]",0.7686205265937356,0.7916666666666666,19.0,24.0
claude_two_text_example,12_9,0.0,"[0.35714285714285715, 0.07692307692307693, 0.0, 0.0]",0.5647181220077593,0.6363636363636364,14.0,22.0
claude_two_text_example,12_10,0.0,"[0.6666666666666666, 0.2, 0.0, 0.0]",0.846481724890614,0.8571428571428571,6.0,7.0
claude_two_text_example,12_11,0.6434588841607617,"[0.8571428571428571, 0.6666666666666666, 0.6, 0.5]",1.0,1.0,7.0,7.0
claude_two_text_example,12_12,0.0,"[0.375, 0.13333333333333333, 0.0, 0.0]",0.569782824730923,0.64,16.0,25.0
claude_two_text_example,12_13,0.0,"[0.5454545454545454, 0.2857142857142857, 0.1, 0.0]",0.9131007162822622,0.9166666666666666,22.0,24.0
claude_two_text_example,13_0,0.04964884667085629,"[0.9090909090909091, 0.4444444444444444, 0.22641509433962265, 0.07692307692307693]",0.17142038224560496,0.3618421052631579,55.0,152.0
claude_two_text_example,13_1,1.0,"[1.0, 1.0, 1.0, 1.0]",1.0,1.0,7.0,7.0
claude_two_text_example,13_2,0.0,"[0.75, 0.5714285714285714, 0.3333333333333333, 0.0]",1.0,1.0,8.0,8.0
claude_two_text_example,13_3,0.0,"[0.2857142857142857, 0.1, 0.0, 0.0]",0.8265654376242381,0.84,21.0,25.0
claude_two_text_example,13_4,0.0,"[0.7142857142857143, 0.5, 0.2, 0.0]",1.0,1.0,7.0,7.0
claude_two_text_example,13_5,0.0,"[0.5238095238095238, 0.05, 0.0, 0.0]",0.8668778997501817,0.875,21.0,24.0
claude_two_text_example,13_6,0.0,"[0.5263157894736842, 0.16666666666666666, 0.0, 0.0]",0.9487294800164372,0.95,19.0,20.0
claude_two_text_example,13_7,1.0,"[1.0, 1.0, 1.0, 1.0]",1.0,1.0,7.0,7.0
claude_two_text_example,13_8,0.6803749333171202,"[0.75, 0.7142857142857143, 0.6666666666666666, 0.6]",1.0,1.0,8.0,8.0
claude_two_text_example,13_9,0.0,"[0.6190476190476191, 0.25, 0.05263157894736842, 0.0]",0.8265654376242381,0.84,21.0,25.0
claude_two_text_example,13_10,0.0,"[0.43478260869565216, 0.13636363636363635, 0.047619047619047616, 0.0]",0.47752897762233404,0.575,23.0,40.0
claude_two_text_example,13_11,0.28356488158086357,"[0.6111111111111112, 0.4117647058823529, 0.3125, 0.2]",0.8007374029168082,0.8181818181818182,18.0,22.0
claude_two_text_example,13_12,0.02962103743854076,"[0.391304347826087, 0.18181818181818182, 0.09523809523809523, 0.05]",0.21833184901672514,0.39655172413793105,23.0,58.0
claude_two_text_example,13_13,0.0,"[0.7142857142857143, 0.5, 0.2, 0.0]",0.6514390575310556,0.7,7.0,10.0
claude_two_text_example,14_0,0.12071161871814197,"[0.4945054945054945, 0.28888888888888886, 0.19101123595505617, 0.11363636363636363]",0.5115399104548436,0.5986842105263158,91.0,152.0
claude_two_text_example,14_1,0.6434588841607617,"[0.8571428571428571, 0.6666666666666666, 0.6, 0.5]",1.0,1.0,7.0,7.0
claude_two_text_example,14_2,0.0,"[0.48148148148148145, 0.23076923076923078, 0.08, 0.0]",0.8948393168143697,0.9,27.0,30.0
claude_two_text_example,14_3,0.0,"[0.4117647058823529, 0.125, 0.0, 0.0]",0.7903383629814982,0.8095238095238095,17.0,21.0
claude_two_text_example,14_4,1.0,"[1.0, 1.0, 1.0, 1.0]",1.0,1.0,6.0,6.0
claude_two_text_example,14_5,1.0,"[1.0, 1.0, 1.0, 1.0]",1.0,1.0,6.0,6.0
claude_two_text_example,14_6,0.4347208719449914,"[0.7142857142857143, 0.5, 0.4, 0.25]",1.0,1.0,7.0,7.0
claude_two_text_example,14_7,0.0,"[0.5, 0.2, 0.041666666666666664, 0.0]",0.7074036474040618,0.7428571428571429,26.0,35.0
claude_two_text_example,14_8,0.0,"[0.6, 0.2222222222222222, 0.0, 0.0]",0.301194211912202,0.45454545454545453,10.0,22.0
claude_two_text_example,14_9,0.0,"[0.5294117647058824, 0.25, 0.13333333333333333, 0.0]",0.7026185226629954,0.7391304347826086,17.0,23.0
claude_two_text_example,14_10,0.0,"[0.8333333333333334, 0.6, 0.25, 0.0]",1.0,1.0,6.0,6.0
claude_two_text_example,14_11,0.20804739062986952,"[0.5384615384615384, 0.28, 0.16666666666666666, 0.08695652173913043]",0.9622687143632572,0.9629629629629629,26.0,27.0
claude_two_text_example,14_12,0.0,"[0.8333333333333334, 0.6, 0.25, 0.0]",1.0,1.0,6.0,6.0
claude_two_text_example,14_13,1.0,"[1.0, 1.0, 1.0, 1.0]",1.0,1.0,6.0,6.0
claude_two_text_example,15_0,0.1366029366475682,"[0.9010989010989011, 0.43333333333333335, 0.19101123595505617, 0.06818181818181818]",0.5115399104548436,0.5986842105263158,91.0,152.0
claude_two_text_example,15_1,0.0,"[0.22727272727272727, 0.0, 0.0, 0.0]",0.6642538428642955,0.7096774193548387,22.0,31.0
claude_two_text_example,15_2,1.0,"[1.0, 1.0, 1.0, 1.0]",1.0,1.0,6.0,6.0
claude_two_text_example,15_3,1.0,"[1.0, 1.0, 1.0, 1.0]",1.0,1.0,6.0,6.0
claude_two_text_example,15_4,1.0,"[1.0, 1.0, 1.0, 1.0]",1.0,1.0,6.0,6.0
claude_two_text_example,15_5,0.0,"[0.5714285714285714, 0.3333333333333333, 0.0, 0.0]",1.0,1.0,7.0,7.0
claude_two_text_example,15_6,0.0,"[0.5714285714285714, 0.1, 0.0, 0.0]",0.6832104226749482,0.7241379310344828,21.0,29.0
claude_two_text_example,15_7,0.0,"[0.8333333333333334, 0.6, 0.25, 0.0]",1.0,1.0,6.0,6.0
claude_two_text_example,15_8,0.0,"[0.043478260869565216, 0.0, 0.0, 0.0]",1.0,1.0,23.0,23.0
claude_two_text_example,15_9,0.0,"[0.8333333333333334, 0.6, 0.25, 0.0]",1.0,1.0,6.0,6.0
claude_two_text_example,15_10,0.0,"[0.6666666666666666, 0.4, 0.0, 0.0]",1.0,1.0,6.0,6.0
claude_two_text_example,15_11,1.0,"[1.0, 1.0, 1.0, 1.0]",1.0,1.0,6.0,6.0
claude_two_text_example,15_12,0.0,"[0.8333333333333334, 0.6, 0.25, 0.0]",1.0,1.0,6.0,6.0
claude_two_text_example,15_13,0.25268448683574696,"[0.625, 0.391304347826087, 0.22727272727272727, 0.14285714285714285]",0.846481724890614,0.8571428571428571,24.0,28.0
claude_two_text_example,16_0,0.07798634631569182,"[0.9253731343283582, 0.4090909090909091, 0.2, 0.078125]",0.2812091117665358,0.4407894736842105,67.0,152.0
claude_two_text_example,16_1,0.1412995286371651,"[0.46153846153846156, 0.2, 0.125, 0.08695652173913043]",0.7939226578179512,0.8125,26.0,32.0
claude_two_text_example,16_2,0.0,"[0.09090909090909091, 0.0, 0.0, 0.0]",0.48322508118982543,0.5789473684210527,11.0,19.0
claude_two_text_example,16_3,0.0,"[0.35294117647058826, 0.0625, 0.0, 0.0]",0.7903383629814982,0.8095238095238095,17.0,21.0
claude_two_text_example,16_4,0.8091067115702212,"[0.8571428571428571, 0.8333333333333334, 0.8, 0.75]",1.0,1.0,7.0,7.0
claude_two_text_example,16_5,0.5946035575013605,"[0.875, 0.7142857142857143, 0.5, 0.4]",1.0,1.0,8.0,8.0
claude_two_text_example,16_6,0.0,"[0.7142857142857143, 0.5, 0.2, 0.0]",1.0,1.0,7.0,7.0
claude_two_text_example,16_7,0.0,"[0.8571428571428571, 0.6666666666666666, 0.4, 0.0]",1.0,1.1666666666666667,7.0,6.0
claude_two_text_example,16_8,0.0,"[0.3076923076923077, 0.0, 0.0, 0.0]",0.7351414805916845,0.7647058823529411,13.0,17.0
claude_two_text_example,16_9,1.0,"[1.0, 1.0, 1.0, 1.0]",1.0,1.0,7.0,7.0
claude_two_text_example,16_10,0.0,"[0.8571428571428571, 0.6666666666666666, 0.4, 0.0]",1.0,1.0,7.0,7.0
claude_two_text_example,16_11,0.0,"[0.8571428571428571, 0.6666666666666666, 0.4, 0.0]",1.0,1.0,7.0,7.0
claude_two_text_example,16_12,0.12681030654890577,"[0.5384615384615384, 0.24, 0.125, 0.08695652173913043]",0.6550282443857737,0.7027027027027027,26.0,37.0
claude_two_text_example,16_13,1.0,"[1.0, 1.0, 1.0, 1.0]",1.0,1.0,7.0,7.0
claude_two_text_example,17_0,0.13073840831977449,"[0.5631067961165048, 0.3137254901960784, 0.15841584158415842, 0.07]",0.621432392365301,0.6776315789473685,103.0,152.0
claude_two_text_example,17_1,0.8408964152537145,"[0.875, 0.8571428571428571, 0.8333333333333334, 0.8]",1.0,1.0,8.0,8.0
claude_two_text_example,17_2,0.0,"[0.3157894736842105, 0.16666666666666666, 0.058823529411764705, 0.0]",0.8539396656235351,0.8636363636363636,19.0,22.0
claude_two_text_example,17_3,0.0,"[0.3333333333333333, 0.14285714285714285, 0.07692307692307693, 0.0]",0.7659283383646487,0.7894736842105263,15.0,19.0
claude_two_text_example,17_4,0.0,"[0.8333333333333334, 0.6, 0.25, 0.0]",0.846481724890614,0.8571428571428571,6.0,7.0
claude_two_text_example,17_5,0.0,"[0.5555555555555556, 0.058823529411764705, 0.0, 0.0]",0.6411803884299546,0.6923076923076923,18.0,26.0
claude_two_text_example,17_6,0.0,"[0.8571428571428571, 0.6666666666666666, 0.4, 0.0]",1.0,1.0,7.0,7.0
claude_two_text_example,17_7,0.0,"[0.375, 0.2, 0.07142857142857142, 0.0]",0.7788007830714049,0.8,16.0,20.0
claude_two_text_example,17_8,0.0,"[0.3333333333333333, 0.125, 0.0, 0.0]",0.513417119032592,0.6,9.0,15.0
claude_two_text_example,17_9,0.3222779067859358,"[0.6666666666666666, 0.45, 0.3157894736842105, 0.16666666666666666]",0.909156442876713,0.9130434782608695,21.0,23.0
claude_two_text_example,17_10,1.0,"[1.0, 1.0, 1.0, 1.0]",1.0,1.0,7.0,7.0
claude_two_text_example,17_11,0.0,"[0.6666666666666666, 0.2, 0.0, 0.0]",0.846481724890614,0.8571428571428571,6.0,7.0
claude_two_text_example,17_12,0.0,"[0.46153846153846156, 0.08333333333333333, 0.0, 0.0]",0.5836454781435741,0.65,13.0,20.0
claude_two_text_example,17_13,0.0,"[0.2, 0.0, 0.0, 0.0]",0.7659283383646487,0.7894736842105263,15.0,19.0
claude_two_text_example,18_0,0.07382050561404785,"[0.8787878787878788, 0.38461538461538464, 0.203125, 0.07936507936507936]",0.27170718914656716,0.4342105263157895,66.0,152.0
claude_two_text_example,18_1,0.0,"[0.7142857142857143, 0.5, 0.2, 0.0]",1.0,1.1666666666666667,7.0,6.0
claude_two_text_example,18_2,1.0,"[1.0, 1.0, 1.0, 1.0]",1.0,1.0,7.0,7.0
claude_two_text_example,18_3,0.8091067115702212,"[0.8571428571428571, 0.8333333333333334, 0.8, 0.75]",1.0,1.0,7.0,7.0
claude_two_text_example,18_4,0.0,"[0.5, 0.19047619047619047, 0.0, 0.0]",0.6642538428642955,0.7096774193548387,22.0,31.0
claude_two_text_example,18_5,1.0,"[1.0, 1.0, 1.0, 1.0]",1.0,1.0,6.0,6.0
claude_two_text_example,18_6,0.0,"[0.7142857142857143, 0.5, 0.2, 0.0]",1.0,1.1666666666666667,7.0,6.0
claude_two_text_example,18_7,0.0,"[0.45454545454545453, 0.047619047619047616, 0.0, 0.0]",0.7274705090242835,0.7586206896551724,22.0,29.0
claude_two_text_example,18_8,0.0,"[0.3333333333333333, 0.10344827586206896, 0.0, 0.0]",0.8751733190429475,0.8823529411764706,30.0,34.0
claude_two_text_example,18_9,1.0,"[1.0, 1.0, 1.0, 1.0]",1.0,1.0,6.0,6.0
claude_two_text_example,18_10,0.0,"[0.38095238095238093, 0.1, 0.05263157894736842, 0.0]",0.8668778997501817,0.875,21.0,24.0
claude_two_text_example,18_11,0.0,"[0.42857142857142855, 0.15384615384615385, 0.0, 0.0]",0.42437284567694994,0.5384615384615384,14.0,26.0
claude_two_text_example,18_12,0.0,"[0.35714285714285715, 0.07692307692307693, 0.0, 0.0]",0.6996725373751302,0.7368421052631579,14.0,19.0
claude_two_text_example,18_13,0.0,"[0.3888888888888889, 0.11764705882352941, 0.0, 0.0]",0.846481724890614,0.8571428571428571,18.0,21.0
claude_two_text_example,19_0,0.07073136603967074,"[0.6111111111111112, 0.323943661971831, 0.18571428571428572, 0.057971014492753624]",0.32919298780790557,0.47368421052631576,72.0,152.0
claude_two_text_example,19_1,0.0,"[0.8333333333333334, 0.6, 0.25, 0.0]",1.0,1.0,6.0,6.0
claude_two_text_example,19_2,0.0,"[0.5714285714285714, 0.3333333333333333, 0.0, 0.0]",1.0,1.1666666666666667,7.0,6.0
claude_two_text_example,19_3,1.0,"[1.0, 1.0, 1.0, 1.0]",1.0,1.0,6.0,6.0
claude_two_text_example,19_4,0.0,"[0.6, 0.5, 0.3333333333333333, 0.0]",0.6703200460356393,0.7142857142857143,5.0,7.0
claude_two_text_example,19_5,1.0,"[1.0, 1.0, 1.0, 1.0]",1.0,1.0,6.0,6.0
claude_two_text_example,19_6,0.0,"[0.68, 0.3333333333333333, 0.08695652173913043, 0.0]",0.6187833918061408,0.6756756756756757,25.0,37.0
claude_two_text_example,19_7,0.12927154574665564,"[0.43478260869565216, 0.22727272727272727, 0.09523809523809523, 0.05]",0.8777137332821822,0.8846153846153846,23.0,26.0
claude_two_text_example,19_8,0.0,"[0.4166666666666667, 0.2727272727272727, 0.1, 0.0]",0.4723665527410147,0.5714285714285714,12.0,21.0
claude_two_text_example,19_9,1.0,"[1.0, 1.0, 1.0, 1.0]",1.0,1.0,6.0,6.0
claude_two_text_example,19_10,0.0,"[0.7142857142857143, 0.5, 0.2, 0.0]",1.0,1.1666666666666667,7.0,6.0
claude_two_text_example,19_11,0.12428759563781841,"[0.42857142857142855, 0.18518518518518517, 0.11538461538461539, 0.04]",0.898397321348071,0.9032258064516129,28.0,31.0
claude_two_text_example,19_12,0.0,"[0.5714285714285714, 0.3333333333333333, 0.0, 0.0]",1.0,1.1666666666666667,7.0,6.0
claude_two_text_example,19_13,0.0,"[0.2631578947368421, 0.0, 0.0, 0.0]",0.9487294800164372,0.95,19.0,20.0
claude_two_text_example,20_0,0.12512411409823077,"[0.6702127659574468, 0.34408602150537637, 0.16304347826086957, 0.07692307692307693]",0.5395492141873537,0.618421052631579,94.0,152.0
claude_two_text_example,20_1,0.0,"[0.8333333333333334, 0.6, 0.25, 0.0]",1.0,1.0,6.0,6.0
claude_two_text_example,20_2,0.0,"[0.5714285714285714, 0.3333333333333333, 0.0, 0.0]",1.0,1.1666666666666667,7.0,6.0
claude_two_text_example,20_3,0.0,"[0.5714285714285714, 0.3333333333333333, 0.0, 0.0]",1.0,1.0,7.0,7.0
claude_two_text_example,20_4,0.0,"[0.7142857142857143, 0.5, 0.2, 0.0]",1.0,1.1666666666666667,7.0,6.0
claude_two_text_example,20_5,0.0,"[0.29411764705882354, 0.0, 0.0, 0.0]",0.6246347280002745,0.68,17.0,25.0
claude_two_text_example,20_6,0.0,"[0.5, 0.13333333333333333, 0.07142857142857142, 0.0]",0.8290291181804004,0.8421052631578947,16.0,19.0
claude_two_text_example,20_7,0.488923022434901,"[0.8571428571428571, 0.6666666666666666, 0.4, 0.25]",1.0,1.0,7.0,7.0
claude_two_text_example,20_8,0.488923022434901,"[0.8571428571428571, 0.6666666666666666, 0.4, 0.25]",1.0,1.0,7.0,7.0
claude_two_text_example,20_9,0.0,"[0.47368421052631576, 0.2777777777777778, 0.11764705882352941, 0.0]",0.8101577349324267,0.8260869565217391,19.0,23.0
claude_two_text_example,20_10,0.2632378021320207,"[0.5263157894736842, 0.3888888888888889, 0.23529411764705882, 0.1875]",0.8539396656235351,0.8636363636363636,19.0,22.0
claude_two_text_example,20_11,1.0,"[1.0, 1.0, 1.0, 1.0]",1.0,1.0,7.0,7.0
claude_two_text_example,20_12,0.0,"[0.5714285714285714, 0.3333333333333333, 0.2, 0.0]",1.0,1.1666666666666667,7.0,6.0
claude_two_text_example,20_13,0.2225252108443019,"[0.5, 0.3333333333333333, 0.2857142857142857, 0.23076923076923078]",0.6872892787909722,0.7272727272727273,16.0,22.0
claude_complex,1_0,0.4459579887543707,"[0.6432432432432432, 0.483695652173913, 0.3989071038251366, 0.31868131868131866]",1.0,1.2171052631578947,185.0,152.0
claude_complex,1_1,1.0,"[1.0, 1.0, 1.0, 1.0]",1.0,1.0,7.0,7.0
claude_complex,1_2,1.0,"[1.0, 1.0, 1.0, 1.0]",1.0,1.0,7.0,7.0
claude_complex,1_3,0.13759608344425273,"[0.38461538461538464, 0.2, 0.125, 0.043478260869565216]",0.9622687143632572,0.9629629629629629,26.0,27.0
claude_complex,1_4,0.0,"[0.1, 0.0, 0.0, 0.0]",0.4493289641172217,0.5555555555555556,10.0,18.0
claude_complex,1_5,1.0,"[1.0, 1.0, 1.0, 1.0]",1.0,1.0,6.0,6.0
claude_complex,1_6,1.0,"[1.0, 1.0, 1.0, 1.0]",1.0,1.0,7.0,7.0
claude_complex,1_7,1.0,"[1.0, 1.0, 1.0, 1.0]",1.0,1.0,7.0,7.0
claude_complex,1_8,1.0,"[1.0, 1.0, 1.0, 1.0]",1.0,1.0,7.0,7.0
claude_complex,1_9,0.17038989823392095,"[0.4166666666666667, 0.21739130434782608, 0.13636363636363635, 0.09523809523809523]",0.9200444146293233,0.9230769230769231,24.0,26.0
claude_complex,1_10,0.0,"[0.2777777777777778, 0.0, 0.0, 0.0]",0.9459594689067654,0.9473684210526315,18.0,19.0
claude_complex,1_11,0.0,"[0.3157894736842105, 0.05555555555555555, 0.0, 0.0]",0.8539396656235351,0.8636363636363636,19.0,22.0
claude_complex,1_12,0.7598356856515925,"[0.8333333333333334, 0.8, 0.75, 0.6666666666666666]",1.0,1.0,6.0,6.0
claude_complex,1_13,0.0,"[0.3684210526315789, 0.05555555555555555, 0.0, 0.0]",0.6227038648477501,0.6785714285714286,19.0,28.0
claude_complex,2_0,0.7209391727087507,"[0.89937106918239, 0.7784810126582279, 0.6687898089171974, 0.5769230769230769]",1.0,1.0460526315789473,159.0,152.0
claude_complex,2_1,0.0,"[0.0, 0.0, 0.0, 0.0]",0.36787944117144233,0.5,1.0,2.0
claude_complex,2_2,0.0,"[0.3, 0.05263157894736842, 0.0, 0.0]",0.6703200460356393,0.7142857142857143,20.0,28.0
claude_complex,2_3,0.0,"[0.4, 0.07142857142857142, 0.0, 0.0]",0.5866462195100318,0.6521739130434783,15.0,23.0
claude_complex,2_4,0.0,"[0.5789473684210527, 0.2777777777777778, 0.11764705882352941, 0.0]",0.9487294800164372,0.95,19.0,20.0
claude_complex,2_5,1.0,"[1.0, 1.0, 1.0, 1.0]",1.0,1.0,6.0,6.0
claude_complex,2_6,0.1297096257147368,"[0.42857142857142855, 0.2, 0.10526315789473684, 0.05555555555555555]",0.8668778997501817,0.875,21.0,24.0
claude_complex,2_7,0.0,"[0.4444444444444444, 0.17647058823529413, 0.0, 0.0]",0.8948393168143697,0.9,18.0,20.0
claude_complex,2_8,0.0,"[0.45, 0.15789473684210525, 0.0, 0.0]",0.8187307530779819,0.8333333333333334,20.0,24.0
claude_complex,2_9,1.0,"[1.0, 1.0, 1.0, 1.0]",1.0,1.0,6.0,6.0
claude_complex,2_10,0.0,"[0.6666666666666666, 0.2, 0.0, 0.0]",1.0,1.0,6.0,6.0
claude_complex,2_11,0.15007728487858985,"[0.55, 0.21052631578947367, 0.1111111111111111, 0.058823529411764705]",0.9048374180359595,0.9090909090909091,20.0,22.0
claude_complex,2_12,0.2732689672716394,"[0.55, 0.3157894736842105, 0.2222222222222222, 0.17647058823529413]",0.951229424500714,0.9523809523809523,20.0,21.0
claude_complex,2_13,1.0,"[1.0, 1.0, 1.0, 1.0]",1.0,1.0,6.0,6.0
claude_complex,2_14,0.13737279171076758,"[0.37037037037037035, 0.19230769230769232, 0.12, 0.041666666666666664]",1.0,1.08,27.0,25.0
claude_complex,3_0,0.7259487423358152,"[0.9, 0.7861635220125787, 0.6772151898734177, 0.5796178343949044]",1.0,1.0526315789473684,160.0,152.0
claude_complex,3_1,0.0,"[0.25, 0.07407407407407407, 0.0, 0.0]",1.0,1.2727272727272727,28.0,22.0
claude_complex,3_2,0.0,"[0.39285714285714285, 0.14814814814814814, 0.07692307692307693, 0.0]",1.0,1.1666666666666667,28.0,24.0
claude_complex,3_3,0.0,"[0.38095238095238093, 0.2, 0.05263157894736842, 0.0]",0.909156442876713,0.9130434782608695,21.0,23.0
claude_complex,3_4,1.0,"[1.0, 1.0, 1.0, 1.0]",1.0,1.0,6.0,6.0
claude_complex,3_5,1.0,"[1.0, 1.0, 1.0, 1.0]",1.0,1.0,7.0,7.0
claude_complex,3_6,0.0,"[0.5238095238095238, 0.2, 0.05263157894736842, 0.0]",1.0,1.05,21.0,20.0
claude_complex,3_7,0.0,"[0.4166666666666667, 0.21739130434782608, 0.09090909090909091, 0.0]",0.811936346150635,0.8275862068965517,24.0,29.0
claude_complex,3_8,0.16923267918690046,"[0.5454545454545454, 0.2857142857142857, 0.1, 0.05263157894736842]",1.0,1.0,22.0,22.0
claude_complex,3_9,1.0,"[1.0, 1.0, 1.0, 1.0]",1.0,1.0,6.0,6.0
claude_complex,3_10,0.0,"[0.20833333333333334, 0.043478260869565216, 0.0, 0.0]",1.0,1.0,24.0,24.0
claude_complex,3_11,0.15989214998944032,"[0.4444444444444444, 0.17647058823529413, 0.125, 0.06666666666666667]",1.0,1.0,18.0,18.0
claude_complex,3_12,0.0,"[0.35714285714285715, 0.07692307692307693, 0.0, 0.0]",0.6514390575310556,0.7,14.0,20.0
claude_complex,3_13,0.0,"[0.7142857142857143, 0.5, 0.2, 0.0]",1.0,1.1666666666666667,7.0,6.0
claude_complex,4_0,0.06179046102983078,"[0.8888888888888888, 0.49056603773584906, 0.2692307692307692, 0.17647058823529413]",0.16286806635073492,0.35526315789473684,54.0,152.0
claude_complex,4_1,0.0,"[0.8333333333333334, 0.6, 0.25, 0.0]",1.0,1.0,6.0,6.0
claude_complex,4_2,0.0,"[0.45454545454545453, 0.19047619047619047, 0.05, 0.0]",0.9555630362682843,0.9565217391304348,22.0,23.0
claude_complex,4_3,0.0,"[0.34615384615384615, 0.12, 0.0, 0.0]",1.0,1.1304347826086956,26.0,23.0
claude_complex,4_4,1.0,"[1.0, 1.0, 1.0, 1.0]",1.0,1.0,6.0,6.0
claude_complex,4_5,0.0,"[0.8333333333333334, 0.6, 0.25, 0.0]",1.0,1.0,6.0,6.0
claude_complex,4_6,0.0,"[0.32, 0.08333333333333333, 0.043478260869565216, 0.0]",0.9231163463866358,0.9259259259259259,25.0,27.0
claude_complex,4_7,0.23606934033817742,"[0.8, 0.6666666666666666, 0.5, 0.2857142857142857]",0.4493289641172217,0.5555555555555556,10.0,18.0
claude_complex,4_8,1.0,"[1.0, 1.0, 1.0, 1.0]",1.0,1.0,6.0,6.0
claude_complex,4_9,0.488923022434901,"[0.8571428571428571, 0.6666666666666666, 0.4, 0.25]",1.0,1.0,7.0,7.0
claude_complex,4_10,0.488923022434901,"[0.8571428571428571, 0.6666666666666666, 0.4, 0.25]",1.0,1.0,7.0,7.0
claude_complex,4_11,0.0,"[0.5, 0.2, 0.07142857142857142, 0.0]",0.6065306597126334,0.6666666666666666,16.0,24.0
claude_complex,4_12,0.0,"[0.2692307692307692, 0.04, 0.0, 0.0]",1.0,1.0833333333333333,26.0,24.0
claude_complex,4_13,0.5647181220077593,"[1.0, 1.0, 1.0, 1.0]",0.5647181220077593,0.6363636363636364,7.0,11.0
claude_complex,5_0,0.3076245580989618,"[0.9327731092436975, 0.5338983050847458, 0.3162393162393162, 0.1724137931034483]",0.7578188361320289,0.7828947368421053,119.0,152.0
claude_complex,5_1,0.0,"[1.0, 0.0, 0.0, 0.0]",1.0,1.0,1.0,1.0
claude_complex,5_2,0.0,"[0.4583333333333333, 0.043478260869565216, 0.0, 0.0]",0.7788007830714049,0.8,24.0,30.0
claude_complex,5_3,0.0,"[0.2857142857142857, 0.1, 0.0, 0.0]",0.6832104226749482,0.7241379310344828,21.0,29.0
claude_complex,5_4,0.0,"[0.13636363636363635, 0.0, 0.0, 0.0]",0.9555630362682843,0.9565217391304348,22.0,23.0
claude_complex,5_5,0.0,"[0.38095238095238093, 0.2, 0.05263157894736842, 0.0]",1.0,1.0,21.0,21.0
claude_complex,5_6,0.0,"[0.35294117647058826, 0.0625, 0.0, 0.0]",0.7903383629814982,0.8095238095238095,17.0,21.0
claude_complex,5_7,0.6434588841607617,"[0.8571428571428571, 0.6666666666666666, 0.6, 0.5]",1.0,1.0,7.0,7.0
claude_complex,5_8,0.0,"[0.42857142857142855, 0.15, 0.05263157894736842, 0.0]",0.7165313105737893,0.75,21.0,28.0
claude_complex,5_9,0.0,"[0.391304347826087, 0.09090909090909091, 0.0, 0.0]",0.9167169520254864,0.92,23.0,25.0
claude_complex,5_10,1.0,"[1.0, 1.0, 1.0, 1.0]",1.0,1.0,6.0,6.0
claude_complex,5_11,0.0,"[0.1875, 0.0, 0.0, 0.0]",0.645648526427892,0.6956521739130435,16.0,23.0
claude_complex,5_12,0.0,"[0.4, 0.15789473684210525, 0.05555555555555555, 0.0]",0.8607079764250577,0.8695652173913043,20.0,23.0
claude_complex,5_13,0.0,"[0.3, 0.10526315789473684, 0.0, 0.0]",1.0,1.1111111111111112,20.0,18.0
claude_complex,5_14,0.0,"[0.5, 0.043478260869565216, 0.0, 0.0]",0.9200444146293233,0.9230769230769231,24.0,26.0
claude_complex,6_0,0.12774100861757146,"[0.922077922077922, 0.4868421052631579, 0.24, 0.12162162162162163]",0.3775599276970476,0.506578947368421,77.0,152.0
claude_complex,6_1,0.0,"[0.0, 0.0, 0.0, 0.0]",1.0,1.0,1.0,1.0
claude_complex,6_2,0.4064458257395656,"[0.6666666666666666, 0.5, 0.3684210526315789, 0.2222222222222222]",1.0,1.0,21.0,21.0
claude_complex,6_3,0.0,"[0.4, 0.10526315789473684, 0.0, 0.0]",0.951229424500714,0.9523809523809523,20.0,21.0
claude_complex,6_4,0.0,"[0.4666666666666667, 0.14285714285714285, 0.0, 0.0]",1.0,1.0714285714285714,15.0,14.0
claude_complex,6_5,0.0,"[0.3333333333333333, 0.18181818181818182, 0.1, 0.0]",0.6592406302004439,0.7058823529411765,12.0,17.0
claude_complex,6_6,0.6434588841607617,"[0.8571428571428571, 0.6666666666666666, 0.6, 0.5]",1.0,1.0,7.0,7.0
claude_complex,6_7,0.0,"[0.4166666666666667, 0.18181818181818182, 0.1, 0.0]",0.4723665527410147,0.5714285714285714,12.0,21.0
claude_complex,6_8,0.0,"[0.8333333333333334, 0.6, 0.25, 0.0]",0.846481724890614,0.8571428571428571,6.0,7.0
claude_complex,6_9,0.42383656282787796,"[0.8571428571428571, 0.6666666666666666, 0.4, 0.25]",0.8668778997501817,0.875,7.0,8.0
claude_complex,6_10,0.0,"[0.375, 0.06666666666666667, 0.0, 0.0]",0.645648526427892,0.6956521739130435,16.0,23.0
claude_complex,6_11,0.0,"[0.3333333333333333, 0.14285714285714285, 0.0, 0.0]",0.7659283383646487,0.7894736842105263,15.0,19.0
claude_complex,6_12,0.0,"[0.4, 0.07142857142857142, 0.0, 0.0]",0.8751733190429475,0.8823529411764706,15.0,17.0
claude_complex,6_13,0.488923022434901,"[0.8571428571428571, 0.6666666666666666, 0.4, 0.25]",1.0,1.0,7.0,7.0
claude_complex,6_14,0.0,"[0.3125, 0.13333333333333333, 0.07142857142857142, 0.0]",0.7316156289466418,0.7619047619047619,16.0,21.0
claude_complex,7_0,0.13156037554930072,"[0.9090909090909091, 0.47368421052631576, 0.25333333333333335, 0.13513513513513514]",0.3775599276970476,0.506578947368421,77.0,152.0
claude_complex,7_1,0.0,"[0.6666666666666666, 0.2, 0.0, 0.0]",1.0,1.0,6.0,6.0
claude_complex,7_2,0.0,"[0.2962962962962963, 0.07692307692307693, 0.0, 0.0]",1.0,1.0,27.0,27.0
claude_complex,7_3,1.0,"[1.0, 1.0, 1.0, 1.0]",1.0,1.0,7.0,7.0
claude_complex,7_4,0.24400326592971303,"[0.5238095238095238, 0.35, 0.21052631578947367, 0.1111111111111111]",0.9534969548334766,0.9545454545454546,21.0,22.0
claude_complex,7_5,0.0,"[0.7142857142857143, 0.5, 0.2, 0.0]",1.0,1.0,7.0,7.0
claude_complex,7_6,0.0,"[0.5, 0.14285714285714285, 0.0, 0.0]",1.0,1.0,8.0,8.0
claude_complex,7_7,1.0,"[1.0, 1.0, 1.0, 1.0]",1.0,1.0,6.0,6.0
claude_complex,7_8,0.0,"[0.45, 0.15789473684210525, 0.05555555555555555, 0.0]",0.951229424500714,0.9523809523809523,20.0,21.0
claude_complex,7_9,0.0,"[0.8333333333333334, 0.6, 0.25, 0.0]",0.846481724890614,0.8571428571428571,6.0,7.0
claude_complex,7_10,0.6434588841607617,"[0.8571428571428571, 0.6666666666666666, 0.6, 0.5]",1.0,1.0,7.0,7.0
claude_complex,7_11,0.6434588841607617,"[0.8571428571428571, 0.6666666666666666, 0.6, 0.5]",1.0,1.0,7.0,7.0
claude_complex,7_12,0.10832485795226614,"[0.45454545454545453, 0.14285714285714285, 0.1, 0.05263157894736842]",0.7967034698934615,0.8148148148148148,22.0,27.0
claude_complex,7_13,0.0,"[0.2777777777777778, 0.058823529411764705, 0.0, 0.0]",1.0,1.0,18.0,18.0
claude_complex,8_0,0.6151880342441706,"[0.8896551724137931, 0.7152777777777778, 0.5874125874125874, 0.4647887323943662]",0.95287088988235,0.9539473684210527,145.0,152.0
claude_complex,8_1,1.0,"[1.0, 1.0, 1.0, 1.0]",1.0,1.0,6.0,6.0
claude_complex,8_2,0.24328221242512443,"[0.4, 0.27586206896551724, 0.21428571428571427, 0.14814814814814814]",1.0,1.1111111111111112,30.0,27.0
claude_complex,8_3,0.0,"[0.48148148148148145, 0.19230769230769232, 0.0, 0.0]",0.9636404443012863,0.9642857142857143,27.0,28.0
claude_complex,8_4,0.0,"[0.19230769230769232, 0.08, 0.0, 0.0]",1.0,1.1304347826086956,26.0,23.0
claude_complex,8_5,0.0,"[0.2916666666666667, 0.043478260869565216, 0.0, 0.0]",0.811936346150635,0.8275862068965517,24.0,29.0
claude_complex,8_6,0.0,"[0.25, 0.0, 0.0, 0.0]",0.6872892787909722,0.7272727272727273,16.0,22.0
claude_complex,8_7,0.0,"[0.2, 0.041666666666666664, 0.0, 0.0]",1.0,1.1363636363636365,25.0,22.0
claude_complex,8_8,0.1901147678653161,"[0.55, 0.3684210526315789, 0.2222222222222222, 0.11764705882352941]",0.7046880897187133,0.7407407407407407,20.0,27.0
claude_complex,8_9,0.1655911376111478,"[0.5, 0.2857142857142857, 0.1, 0.05263157894736842]",1.0,1.0,22.0,22.0
claude_complex,8_10,0.28489318277723963,"[0.5, 0.30434782608695654, 0.22727272727272727, 0.19047619047619047]",1.0,1.0,24.0,24.0
claude_complex,8_11,0.0,"[0.4166666666666667, 0.21739130434782608, 0.045454545454545456, 0.0]",1.0,1.0909090909090908,24.0,22.0
claude_complex,8_12,0.0,"[0.8571428571428571, 0.6666666666666666, 0.4, 0.0]",0.5647181220077593,0.6363636363636364,7.0,11.0
claude_complex,8_13,0.0,"[0.6666666666666666, 0.25, 0.0, 0.0]",1.0,1.125,9.0,8.0
claude_complex,9_0,0.0,"[0.030303030303030304, 0.0, 0.0, 0.0]",0.027158624930284966,0.21710526315789475,33.0,152.0
claude_complex,9_1,1.0,"[1.0, 1.0, 1.0, 1.0]",1.0,1.0,7.0,7.0
claude_complex,9_2,0.0,"[0.5, 0.17391304347826086, 0.045454545454545456, 0.0]",1.0,1.0434782608695652,24.0,23.0
claude_complex,9_3,0.5873949094699213,"[0.6666666666666666, 0.625, 0.5714285714285714, 0.5]",1.0,1.2857142857142858,9.0,7.0
claude_complex,9_4,0.0,"[0.5555555555555556, 0.25, 0.14285714285714285, 0.0]",1.0,1.2857142857142858,9.0,7.0
claude_complex,9_5,0.0,"[0.8333333333333334, 0.6, 0.25, 0.0]",0.846481724890614,0.8571428571428571,6.0,7.0
claude_complex,9_6,1.0,"[1.0, 1.0, 1.0, 1.0]",1.0,1.0,7.0,7.0
claude_complex,9_7,0.0,"[0.8333333333333334, 0.6, 0.25, 0.0]",0.846481724890614,0.8571428571428571,6.0,7.0
claude_complex,9_8,1.0,"[1.0, 1.0, 1.0, 1.0]",1.0,1.0,7.0,7.0
claude_complex,9_9,0.0,"[0.5263157894736842, 0.16666666666666666, 0.058823529411764705, 0.0]",0.6918258252705171,0.7307692307692307,19.0,26.0
claude_complex,9_10,0.0,"[0.0, 0.0, 0.0, 0.0]",0.5292133415000504,0.6111111111111112,11.0,18.0
claude_complex,9_11,0.5410822690539396,"[0.75, 0.5714285714285714, 0.5, 0.4]",1.0,1.3333333333333333,8.0,6.0
claude_complex,9_12,0.0,"[0.4090909090909091, 0.14285714285714285, 0.05, 0.0]",0.7967034698934615,0.8148148148148148,22.0,27.0
claude_complex,9_13,0.0,"[0.6, 0.5, 0.3333333333333333, 0.0]",0.8187307530779819,0.8333333333333334,5.0,6.0
claude_complex,10_0,0.0008455094102236516,"[0.9523809523809523, 0.6, 0.3684210526315789, 0.16666666666666666]",0.001953573072764585,0.13815789473684212,21.0,152.0
claude_complex,10_1,1.0,"[1.0, 1.0, 1.0, 1.0]",1.0,1.0,6.0,6.0
claude_complex,10_2,0.0,"[0.23076923076923078, 0.04, 0.0, 0.0]",0.8574039191604413,0.8666666666666667,26.0,30.0
claude_complex,10_3,1.0,"[1.0, 1.0, 1.0, 1.0]",1.0,1.0,6.0,6.0
claude_complex,10_4,0.23914974031169642,"[0.6190476190476191, 0.4, 0.21052631578947367, 0.1111111111111111]",0.8668778997501817,0.875,21.0,24.0
claude_complex,10_5,0.0,"[0.8333333333333334, 0.6, 0.25, 0.0]",1.0,1.0,6.0,6.0
claude_complex,10_6,0.2197325207705465,"[0.47619047619047616, 0.35, 0.2631578947368421, 0.16666666666666666]",0.751477293075286,0.7777777777777778,21.0,27.0
claude_complex,10_7,0.0,"[0.3076923076923077, 0.08333333333333333, 0.0, 0.0]",0.50041992036057,0.5909090909090909,13.0,22.0
claude_complex,10_8,0.0,"[0.6666666666666666, 0.4, 0.25, 0.0]",1.0,1.0,6.0,6.0
claude_complex,10_9,0.0,"[0.7142857142857143, 0.3333333333333333, 0.0, 0.0]",1.0,1.1666666666666667,7.0,6.0
claude_complex,10_10,0.0,"[0.4117647058823529, 0.125, 0.06666666666666667, 0.0]",0.7026185226629954,0.7391304347826086,17.0,23.0
claude_complex,10_11,1.0,"[1.0, 1.0, 1.0, 1.0]",1.0,1.0,6.0,6.0
claude_complex,10_12,0.0,"[0.38461538461538464, 0.16666666666666666, 0.09090909090909091, 0.0]",0.5404329964865341,0.6190476190476191,13.0,21.0
claude_complex,10_13,0.0,"[0.6363636363636364, 0.3, 0.1111111111111111, 0.0]",0.40289032152913307,0.5238095238095238,11.0,21.0
claude_complex,11_0,0.7361425718718385,"[0.9096774193548387, 0.7857142857142857, 0.6862745098039216, 0.5986842105263158]",1.0,1.019736842105263,155.0,152.0
claude_complex,11_1,0.0,"[0.8333333333333334, 0.6, 0.25, 0.0]",1.0,1.0,6.0,6.0
claude_complex,11_2,0.0,"[0.8333333333333334, 0.6, 0.25, 0.0]",1.0,1.0,6.0,6.0
claude_complex,11_3,0.0,"[0.35294117647058826, 0.125, 0.0, 0.0]",0.7903383629814982,0.8095238095238095,17.0,21.0
claude_complex,11_4,0.0,"[0.8333333333333334, 0.6, 0.25, 0.0]",1.0,1.0,6.0,6.0
claude_complex,11_5,0.0,"[0.2, 0.0, 0.0, 0.0]",0.6270890852730561,0.6818181818181818,15.0,22.0
claude_complex,11_6,0.5410822690539396,"[0.75, 0.5714285714285714, 0.5, 0.4]",1.0,1.3333333333333333,8.0,6.0
claude_complex,11_7,1.0,"[1.0, 1.0, 1.0, 1.0]",1.0,1.0,6.0,6.0
claude_complex,11_8,0.0,"[0.6666666666666666, 0.2, 0.0, 0.0]",0.846481724890614,0.8571428571428571,6.0,7.0
claude_complex,11_9,0.6731821382417487,"[1.0, 0.8, 0.75, 0.6666666666666666]",0.846481724890614,0.8571428571428571,6.0,7.0
claude_complex,11_10,0.0,"[0.6666666666666666, 0.2, 0.0, 0.0]",1.0,1.0,6.0,6.0
claude_complex,11_11,0.0,"[0.1875, 0.0, 0.0, 0.0]",0.6065306597126334,0.6666666666666666,16.0,24.0
claude_complex,11_12,0.488923022434901,"[0.8571428571428571, 0.6666666666666666, 0.4, 0.25]",1.0,1.0,7.0,7.0
claude_complex,11_13,1.0,"[1.0, 1.0, 1.0, 1.0]",1.0,1.0,7.0,7.0
claude_complex,12_0,0.33270854131569266,"[0.5157894736842106, 0.37037037037037035, 0.2925531914893617, 0.2192513368983957]",1.0,1.25,190.0,152.0
claude_complex,12_1,0.10159693389102248,"[0.47058823529411764, 0.25, 0.13333333333333333, 0.07142857142857142]",0.5553063730019506,0.6296296296296297,17.0,27.0
claude_complex,12_2,0.0,"[0.4166666666666667, 0.09090909090909091, 0.0, 0.0]",0.513417119032592,0.6,12.0,20.0
claude_complex,12_3,0.6434588841607617,"[0.8571428571428571, 0.6666666666666666, 0.6, 0.5]",1.0,1.1666666666666667,7.0,6.0
claude_complex,12_4,0.0,"[0.5714285714285714, 0.3333333333333333, 0.2, 0.0]",1.0,1.4,7.0,5.0
claude_complex,12_5,0.488923022434901,"[0.8571428571428571, 0.6666666666666666, 0.4, 0.25]",1.0,1.1666666666666667,7.0,6.0
claude_complex,12_6,0.11602002384448039,"[0.375, 0.21739130434782608, 0.09090909090909091, 0.047619047619047616]",0.846481724890614,0.8571428571428571,24.0,28.0
claude_complex,12_7,0.0,"[0.3157894736842105, 0.0, 0.0, 0.0]",0.6227038648477501,0.6785714285714286,19.0,28.0
claude_complex,12_8,0.14358630482433854,"[0.55, 0.2631578947368421, 0.1111111111111111, 0.058823529411764705]",0.8187307530779819,0.8333333333333334,20.0,24.0
claude_complex,12_9,0.0,"[0.3125, 0.06666666666666667, 0.0, 0.0]",0.6872892787909722,0.7272727272727273,16.0,22.0
claude_complex,12_10,0.0,"[0.6666666666666666, 0.2, 0.0, 0.0]",0.846481724890614,0.8571428571428571,6.0,7.0
claude_complex,12_11,0.0,"[0.6666666666666666, 0.2, 0.0, 0.0]",0.846481724890614,0.8571428571428571,6.0,7.0
claude_complex,12_12,0.0,"[0.14285714285714285, 0.07692307692307693, 0.0, 0.0]",0.4557940183280172,0.56,14.0,25.0
claude_complex,12_13,0.0,"[0.42105263157894735, 0.16666666666666666, 0.058823529411764705, 0.0]",0.7686205265937356,0.7916666666666666,19.0,24.0
claude_complex,13_0,0.44567635724245563,"[0.6526315789473685, 0.48677248677248675, 0.39361702127659576, 0.3155080213903743]",1.0,1.25,190.0,152.0
claude_complex,13_1,0.0,"[0.8333333333333334, 0.6, 0.25, 0.0]",0.846481724890614,0.8571428571428571,6.0,7.0
claude_complex,13_2,0.42383656282787796,"[0.8571428571428571, 0.6666666666666666, 0.4, 0.25]",0.8668778997501817,0.875,7.0,8.0
claude_complex,13_3,0.0,"[0.2777777777777778, 0.058823529411764705, 0.0, 0.0]",0.6778095780054504,0.72,18.0,25.0
claude_complex,13_4,0.0,"[0.8333333333333334, 0.6, 0.25, 0.0]",0.846481724890614,0.8571428571428571,6.0,7.0
claude_complex,13_5,0.0,"[0.5238095238095238, 0.05, 0.0, 0.0]",0.8668778997501817,0.875,21.0,24.0
claude_complex,13_6,0.0,"[0.625, 0.2, 0.0, 0.0]",0.7788007830714049,0.8,16.0,20.0
claude_complex,13_7,0.0,"[0.8333333333333334, 0.6, 0.25, 0.0]",0.846481724890614,0.8571428571428571,6.0,7.0
claude_complex,13_8,0.0,"[0.5714285714285714, 0.3333333333333333, 0.0, 0.0]",0.8668778997501817,0.875,7.0,8.0
claude_complex,13_9,0.0,"[0.42105263157894735, 0.16666666666666666, 0.058823529411764705, 0.0]",0.729212952525235,0.76,19.0,25.0
claude_complex,13_10,0.2014712872932804,"[0.6363636363636364, 0.28125, 0.16129032258064516, 0.13333333333333333]",0.8088666471820897,0.825,33.0,40.0
claude_complex,13_11,0.23236339815860999,"[0.5294117647058824, 0.3125, 0.26666666666666666, 0.21428571428571427]",0.7451888170134805,0.7727272727272727,17.0,22.0
claude_complex,13_12,0.0,"[0.6, 0.08333333333333333, 0.0, 0.0]",0.2671353019658503,0.43103448275862066,25.0,58.0
claude_complex,13_13,0.0,"[0.6666666666666666, 0.2, 0.0, 0.0]",0.513417119032592,0.6,6.0,10.0
claude_complex,14_0,0.5050177574104336,"[0.9344262295081968, 0.7107438016528925, 0.5666666666666667, 0.46218487394957986]",0.7819991390908588,0.8026315789473685,122.0,152.0
claude_complex,14_1,0.6434588841607617,"[0.8571428571428571, 0.6666666666666666, 0.6, 0.5]",1.0,1.0,7.0,7.0
claude_complex,14_2,0.0,"[0.43333333333333335, 0.13793103448275862, 0.03571428571428571, 0.0]",1.0,1.0,30.0,30.0
claude_complex,14_3,0.0,"[0.46153846153846156, 0.16666666666666666, 0.0, 0.0]",0.5404329964865341,0.6190476190476191,13.0,21.0
claude_complex,14_4,1.0,"[1.0, 1.0, 1.0, 1.0]",1.0,1.0,6.0,6.0
claude_complex,14_5,1.0,"[1.0, 1.0, 1.0, 1.0]",1.0,1.0,6.0,6.0
claude_complex,14_6,0.4347208719449914,"[0.7142857142857143, 0.5, 0.4, 0.25]",1.0,1.0,7.0,7.0
claude_complex,14_7,0.0,"[0.5, 0.08695652173913043, 0.045454545454545456, 0.0]",0.6323366621862498,0.6857142857142857,24.0,35.0
claude_complex,14_8,0.0,"[0.5, 0.2222222222222222, 0.0, 0.0]",0.301194211912202,0.45454545454545453,10.0,22.0
claude_complex,14_9,0.0,"[0.5, 0.17647058823529413, 0.0, 0.0]",0.7574651283969664,0.782608695652174,18.0,23.0
claude_complex,14_10,0.0,"[0.8333333333333334, 0.6, 0.25, 0.0]",1.0,1.0,6.0,6.0
claude_complex,14_11,0.17798999058603726,"[0.5384615384615384, 0.2, 0.125, 0.08695652173913043]",0.9622687143632572,0.9629629629629629,26.0,27.0
claude_complex,14_12,0.0,"[0.8333333333333334, 0.6, 0.25, 0.0]",1.0,1.0,6.0,6.0
claude_complex,14_13,0.0,"[0.8333333333333334, 0.6, 0.25, 0.0]",1.0,1.0,6.0,6.0
claude_complex,15_0,0.0,"[0.0625, 0.0, 0.0, 0.0]",0.558035145770047,0.631578947368421,96.0,152.0
claude_complex,15_1,0.0,"[0.14814814814814814, 0.0, 0.0, 0.0]",0.8623033568332588,0.8709677419354839,27.0,31.0
claude_complex,15_2,1.0,"[1.0, 1.0, 1.0, 1.0]",1.0,1.0,6.0,6.0
claude_complex,15_3,1.0,"[1.0, 1.0, 1.0, 1.0]",1.0,1.0,6.0,6.0
claude_complex,15_4,1.0,"[1.0, 1.0, 1.0, 1.0]",1.0,1.0,6.0,6.0
claude_complex,15_5,0.0,"[0.7142857142857143, 0.3333333333333333, 0.0, 0.0]",1.0,1.0,7.0,7.0
claude_complex,15_6,0.0,"[0.5, 0.10526315789473684, 0.0, 0.0]",0.6376281516217733,0.6896551724137931,20.0,29.0
claude_complex,15_7,0.0,"[0.8333333333333334, 0.6, 0.25, 0.0]",1.0,1.0,6.0,6.0
claude_complex,15_8,0.0,"[0.14285714285714285, 0.0, 0.0, 0.0]",0.909156442876713,0.9130434782608695,21.0,23.0
claude_complex,15_9,0.0,"[0.8333333333333334, 0.6, 0.25, 0.0]",1.0,1.0,6.0,6.0
claude_complex,15_10,0.0,"[0.8333333333333334, 0.6, 0.25, 0.0]",1.0,1.0,6.0,6.0
claude_complex,15_11,1.0,"[1.0, 1.0, 1.0, 1.0]",1.0,1.0,6.0,6.0
claude_complex,15_12,0.0,"[0.8333333333333334, 0.6, 0.25, 0.0]",1.0,1.0,6.0,6.0
claude_complex,15_13,0.0,"[0.4, 0.10526315789473684, 0.0, 0.0]",0.6703200460356393,0.7142857142857143,20.0,28.0
claude_complex,16_0,0.0,"[0.030303030303030304, 0.0, 0.0, 0.0]",0.027158624930284966,0.21710526315789475,33.0,152.0
claude_complex,16_1,0.0,"[0.36666666666666664, 0.06896551724137931, 0.0, 0.0]",0.9355069850316178,0.9375,30.0,32.0
claude_complex,16_2,0.0,"[0.2727272727272727, 0.0, 0.0, 0.0]",0.48322508118982543,0.5789473684210527,11.0,19.0
claude_complex,16_3,0.0,"[0.2608695652173913, 0.045454545454545456, 0.0, 0.0]",1.0,1.0952380952380953,23.0,21.0
claude_complex,16_4,0.6434588841607617,"[0.8571428571428571, 0.6666666666666666, 0.6, 0.5]",1.0,1.0,7.0,7.0
claude_complex,16_5,1.0,"[1.0, 1.0, 1.0, 1.0]",1.0,1.0,8.0,8.0
claude_complex,16_6,0.488923022434901,"[0.8571428571428571, 0.6666666666666666, 0.4, 0.25]",1.0,1.0,7.0,7.0
claude_complex,16_7,1.0,"[1.0, 1.0, 1.0, 1.0]",1.0,1.0,6.0,6.0
claude_complex,16_8,0.0,"[0.25, 0.0, 0.0, 0.0]",0.6592406302004439,0.7058823529411765,12.0,17.0
claude_complex,16_9,1.0,"[1.0, 1.0, 1.0, 1.0]",1.0,1.0,7.0,7.0
claude_complex,16_10,0.6434588841607617,"[0.8571428571428571, 0.6666666666666666, 0.6, 0.5]",1.0,1.0,7.0,7.0
claude_complex,16_11,1.0,"[1.0, 1.0, 1.0, 1.0]",1.0,1.0,7.0,7.0
claude_complex,16_12,0.0,"[0.4, 0.16666666666666666, 0.043478260869565216, 0.0]",0.6187833918061408,0.6756756756756757,25.0,37.0
claude_complex,16_13,0.44632361378533286,"[0.5555555555555556, 0.5, 0.42857142857142855, 0.3333333333333333]",1.0,1.2857142857142858,9.0,7.0
claude_complex,17_0,0.3422499345857335,"[0.8888888888888888, 0.7191011235955056, 0.625, 0.5402298850574713]",0.5021336855390236,0.5921052631578947,90.0,152.0
claude_complex,17_1,1.0,"[1.0, 1.0, 1.0, 1.0]",1.0,1.0,8.0,8.0
claude_complex,17_2,0.0,"[0.21052631578947367, 0.1111111111111111, 0.058823529411764705, 0.0]",0.8539396656235351,0.8636363636363636,19.0,22.0
claude_complex,17_3,0.0,"[0.4, 0.21428571428571427, 0.07692307692307693, 0.0]",0.7659283383646487,0.7894736842105263,15.0,19.0
claude_complex,17_4,0.0,"[0.8333333333333334, 0.6, 0.25, 0.0]",0.846481724890614,0.8571428571428571,6.0,7.0
claude_complex,17_5,0.0,"[0.3888888888888889, 0.058823529411764705, 0.0, 0.0]",0.6411803884299546,0.6923076923076923,18.0,26.0
claude_complex,17_6,0.0,"[0.8333333333333334, 0.6, 0.25, 0.0]",0.846481724890614,0.8571428571428571,6.0,7.0
claude_complex,17_7,0.0,"[0.5294117647058824, 0.1875, 0.06666666666666667, 0.0]",0.8382234324229999,0.85,17.0,20.0
claude_complex,17_8,0.0,"[0.25, 0.0, 0.0, 0.0]",0.4168620196785084,0.5333333333333333,8.0,15.0
claude_complex,17_9,0.21690365808279138,"[0.48, 0.2916666666666667, 0.17391304347826086, 0.09090909090909091]",1.0,1.0869565217391304,25.0,23.0
claude_complex,17_10,1.0,"[1.0, 1.0, 1.0, 1.0]",1.0,1.0,7.0,7.0
claude_complex,17_11,1.0,"[1.0, 1.0, 1.0, 1.0]",1.0,1.0,7.0,7.0
claude_complex,17_12,0.0,"[0.4166666666666667, 0.09090909090909091, 0.0, 0.0]",0.513417119032592,0.6,12.0,20.0
claude_complex,17_13,0.0,"[0.2857142857142857, 0.07692307692307693, 0.0, 0.0]",0.6996725373751302,0.7368421052631579,14.0,19.0
claude_complex,18_0,0.0,"[0.029411764705882353, 0.0, 0.0, 0.0]",0.03109873190789176,0.2236842105263158,34.0,152.0
claude_complex,18_1,1.0,"[1.0, 1.0, 1.0, 1.0]",1.0,1.0,6.0,6.0
claude_complex,18_2,1.0,"[1.0, 1.0, 1.0, 1.0]",1.0,1.0,7.0,7.0
claude_complex,18_3,1.0,"[1.0, 1.0, 1.0, 1.0]",1.0,1.0,7.0,7.0
claude_complex,18_4,0.13831082362732694,"[0.5, 0.23809523809523808, 0.15, 0.10526315789473684]",0.6642538428642955,0.7096774193548387,22.0,31.0
claude_complex,18_5,1.0,"[1.0, 1.0, 1.0, 1.0]",1.0,1.0,6.0,6.0
claude_complex,18_6,1.0,"[1.0, 1.0, 1.0, 1.0]",1.0,1.0,6.0,6.0
claude_complex,18_7,0.0,"[0.391304347826087, 0.18181818181818182, 0.047619047619047616, 0.0]",0.7703813975921459,0.7931034482758621,23.0,29.0
claude_complex,18_8,0.0,"[0.2, 0.0, 0.0, 0.0]",0.6976763260710311,0.7352941176470589,25.0,34.0
claude_complex,18_9,1.0,"[1.0, 1.0, 1.0, 1.0]",1.0,1.0,6.0,6.0
claude_complex,18_10,0.0,"[0.3333333333333333, 0.0, 0.0, 0.0]",0.8668778997501817,0.875,21.0,24.0
claude_complex,18_11,0.0,"[0.375, 0.13333333333333333, 0.0, 0.0]",0.5352614285189903,0.6153846153846154,16.0,26.0
claude_complex,18_12,0.0,"[0.23076923076923078, 0.0, 0.0, 0.0]",0.6303131865967199,0.6842105263157895,13.0,19.0
claude_complex,18_13,0.0,"[0.2, 0.0, 0.0, 0.0]",0.6703200460356393,0.7142857142857143,15.0,21.0
claude_complex,19_0,0.0,"[0.029411764705882353, 0.0, 0.0, 0.0]",0.03109873190789176,0.2236842105263158,34.0,152.0
claude_complex,19_1,1.0,"[1.0, 1.0, 1.0, 1.0]",1.0,1.0,6.0,6.0
claude_complex,19_2,0.0,"[0.8333333333333334, 0.6, 0.25, 0.0]",1.0,1.0,6.0,6.0
claude_complex,19_3,1.0,"[1.0, 1.0, 1.0, 1.0]",1.0,1.0,6.0,6.0
claude_complex,19_4,1.0,"[1.0, 1.0, 1.0, 1.0]",1.0,1.0,7.0,7.0
claude_complex,19_5,1.0,"[1.0, 1.0, 1.0, 1.0]",1.0,1.0,6.0,6.0
claude_complex,19_6,0.0,"[0.3939393939393939, 0.15625, 0.03225806451612903, 0.0]",0.8858460329277067,0.8918918918918919,33.0,37.0
claude_complex,19_7,0.0,"[0.36363636363636365, 0.19047619047619047, 0.05, 0.0]",0.8337529180751805,0.8461538461538461,22.0,26.0
claude_complex,19_8,0.0,"[0.5, 0.2727272727272727, 0.1, 0.0]",0.4723665527410147,0.5714285714285714,12.0,21.0
claude_complex,19_9,0.0,"[0.6666666666666666, 0.4, 0.0, 0.0]",1.0,1.0,6.0,6.0
claude_complex,19_10,1.0,"[1.0, 1.0, 1.0, 1.0]",1.0,1.0,6.0,6.0
claude_complex,19_11,0.0,"[0.34615384615384615, 0.08, 0.0, 0.0]",0.825052966980536,0.8387096774193549,26.0,31.0
claude_complex,19_12,1.0,"[1.0, 1.0, 1.0, 1.0]",1.0,1.0,6.0,6.0
claude_complex,19_13,0.0,"[0.3125, 0.0, 0.0, 0.0]",0.7788007830714049,0.8,16.0,20.0
claude_complex,20_0,0.2229541423399758,"[0.9035087719298246, 0.4690265486725664, 0.22321428571428573, 0.0990990990990991]",0.7165313105737893,0.75,114.0,152.0
claude_complex,20_1,0.0,"[0.8333333333333334, 0.6, 0.25, 0.0]",1.0,1.0,6.0,6.0
claude_complex,20_2,0.0,"[0.6666666666666666, 0.4, 0.0, 0.0]",1.0,1.0,6.0,6.0
claude_complex,20_3,1.0,"[1.0, 1.0, 1.0, 1.0]",1.0,1.0,7.0,7.0
claude_complex,20_4,0.0,"[0.8333333333333334, 0.6, 0.25, 0.0]",1.0,1.0,6.0,6.0
claude_complex,20_5,0.0,"[0.2631578947368421, 0.0, 0.0, 0.0]",0.729212952525235,0.76,19.0,25.0
claude_complex,20_6,0.0,"[0.35, 0.10526315789473684, 0.05555555555555555, 0.0]",1.0,1.0526315789473684,20.0,19.0
claude_complex,20_7,0.488923022434901,"[0.8571428571428571, 0.6666666666666666, 0.4, 0.25]",1.0,1.0,7.0,7.0
claude_complex,20_8,0.4347208719449914,"[0.7142857142857143, 0.5, 0.4, 0.25]",1.0,1.0,7.0,7.0
claude_complex,20_9,0.25984882476296983,"[0.5454545454545454, 0.38095238095238093, 0.25, 0.10526315789473684]",0.9555630362682843,0.9565217391304348,22.0,23.0
claude_complex,20_10,0.15092282416225883,"[0.45, 0.2631578947368421, 0.1111111111111111, 0.058823529411764705]",0.9048374180359595,0.9090909090909091,20.0,22.0
claude_complex,20_11,1.0,"[1.0, 1.0, 1.0, 1.0]",1.0,1.0,7.0,7.0
claude_complex,20_12,1.0,"[1.0, 1.0, 1.0, 1.0]",1.0,1.0,6.0,6.0
claude_complex,20_13,0.21231501277416778,"[0.5714285714285714, 0.38461538461538464, 0.3333333333333333, 0.2727272727272727]",0.5647181220077593,0.6363636363636364,14.0,22.0
gpt_one_text_example,1_0,0.5684112775396025,"[0.8759124087591241, 0.7205882352941176, 0.562962962962963, 0.4552238805970149]",0.8962919777242007,0.9013157894736842,137.0,152.0
gpt_one_text_example,1_2,1.0,"[1.0, 1.0, 1.0, 1.0]",1.0,1.0,7.0,7.0
gpt_one_text_example,1_3,0.11640263522456148,"[0.45454545454545453, 0.19047619047619047, 0.1, 0.05263157894736842]",0.7967034698934615,0.8148148148148148,22.0,27.0
gpt_one_text_example,1_4,0.0,"[0.5714285714285714, 0.07692307692307693, 0.0, 0.0]",0.751477293075286,0.7777777777777778,14.0,18.0
gpt_one_text_example,1_5,1.0,"[1.0, 1.0, 1.0, 1.0]",1.0,1.0,6.0,6.0
gpt_one_text_example,1_6,1.0,"[1.0, 1.0, 1.0, 1.0]",1.0,1.0,7.0,7.0
gpt_one_text_example,1_7,1.0,"[1.0, 1.0, 1.0, 1.0]",1.0,1.0,7.0,7.0
gpt_one_text_example,1_8,1.0,"[1.0, 1.0, 1.0, 1.0]",1.0,1.0,7.0,7.0
gpt_one_text_example,1_9,0.2374523488568676,"[0.5, 0.3333333333333333, 0.25, 0.15789473684210525]",0.8337529180751805,0.8461538461538461,22.0,26.0
gpt_one_text_example,1_10,0.0,"[0.5, 0.0, 0.0, 0.0]",0.8290291181804004,0.8421052631578947,16.0,19.0
gpt_one_text_example,1_11,0.0,"[0.5555555555555556, 0.17647058823529413, 0.0625, 0.0]",0.8007374029168082,0.8181818181818182,18.0,22.0
gpt_one_text_example,1_12,1.0,"[1.0, 1.0, 1.0, 1.0]",1.0,1.0,6.0,6.0
gpt_one_text_example,1_13,0.0,"[0.5789473684210527, 0.2222222222222222, 0.058823529411764705, 0.0]",0.6227038648477501,0.6785714285714286,19.0,28.0
gpt_one_text_example,2_0,0.37161334208341396,"[0.8787878787878788, 0.7142857142857143, 0.5773195876288659, 0.4479166666666667]",0.5854622719415307,0.6513157894736842,99.0,152.0
gpt_one_text_example,2_1,0.0,"[1.0, 0.0, 0.0, 0.0]",0.36787944117144233,0.5,1.0,2.0
gpt_one_text_example,2_2,0.0,"[0.4117647058823529, 0.0625, 0.0, 0.0]",0.5235834657149969,0.6071428571428571,17.0,28.0
gpt_one_text_example,2_3,0.0,"[0.38095238095238093, 0.2, 0.10526315789473684, 0.0]",0.909156442876713,0.9130434782608695,21.0,23.0
gpt_one_text_example,2_4,0.21992062963866632,"[0.5714285714285714, 0.35, 0.21052631578947367, 0.05555555555555555]",1.0,1.05,21.0,20.0
gpt_one_text_example,2_5,1.0,"[1.0, 1.0, 1.0, 1.0]",1.0,1.0,6.0,6.0
gpt_one_text_example,2_6,0.0,"[0.5882352941176471, 0.3125, 0.06666666666666667, 0.0]",0.6624801353939264,0.7083333333333334,17.0,24.0
gpt_one_text_example,2_7,0.0,"[0.6875, 0.26666666666666666, 0.07142857142857142, 0.0]",0.7788007830714049,0.8,16.0,20.0
gpt_one_text_example,2_8,0.18465221092138687,"[0.6086956521739131, 0.3181818181818182, 0.14285714285714285, 0.05]",0.9574533680683809,0.9583333333333334,23.0,24.0
gpt_one_text_example,2_9,1.0,"[1.0, 1.0, 1.0, 1.0]",1.0,1.0,6.0,6.0
gpt_one_text_example,2_10,0.537284965911771,"[0.8333333333333334, 0.6, 0.5, 0.3333333333333333]",1.0,1.0,6.0,6.0
gpt_one_text_example,2_11,0.0,"[0.47058823529411764, 0.0625, 0.0, 0.0]",0.7451888170134805,0.7727272727272727,17.0,22.0
gpt_one_text_example,2_12,0.0,"[0.6666666666666666, 0.29411764705882354, 0.125, 0.0]",0.846481724890614,0.8571428571428571,18.0,21.0
gpt_one_text_example,2_13,1.0,"[1.0, 1.0, 1.0, 1.0]",1.0,1.0,6.0,6.0
gpt_one_text_example,2_14,0.0,"[0.3333333333333333, 0.17647058823529413, 0.0625, 0.0]",0.6778095780054504,0.72,18.0,25.0
gpt_one_text_example,3_0,0.09135959344471764,"[0.20508474576271185, 0.12393887945670629, 0.07312925170068027, 0.03747870528109029]",1.0,3.8815789473684212,590.0,152.0
gpt_one_text_example,3_1,0.0,"[0.5, 0.21739130434782608, 0.045454545454545456, 0.0]",1.0,1.0909090909090908,24.0,22.0
gpt_one_text_example,3_2,0.0,"[0.4375, 0.16129032258064516, 0.0, 0.0]",1.0,1.3333333333333333,32.0,24.0
gpt_one_text_example,3_3,0.0,"[0.38461538461538464, 0.16666666666666666, 0.09090909090909091, 0.0]",0.4633693692311752,0.5652173913043478,13.0,23.0
gpt_one_text_example,3_4,0.7598356856515925,"[0.8333333333333334, 0.8, 0.75, 0.6666666666666666]",1.0,1.0,6.0,6.0
gpt_one_text_example,3_5,1.0,"[1.0, 1.0, 1.0, 1.0]",1.0,1.0,7.0,7.0
gpt_one_text_example,3_6,0.22802581612154946,"[0.8, 0.5, 0.3076923076923077, 0.08333333333333333]",0.7165313105737893,0.75,15.0,20.0
gpt_one_text_example,3_7,0.16500462906194566,"[0.3939393939393939, 0.21875, 0.12903225806451613, 0.06666666666666667]",1.0,1.1379310344827587,33.0,29.0
gpt_one_text_example,3_8,0.0,"[0.5238095238095238, 0.2, 0.0, 0.0]",0.9534969548334766,0.9545454545454546,21.0,22.0
gpt_one_text_example,3_9,1.0,"[1.0, 1.0, 1.0, 1.0]",1.0,1.0,6.0,6.0
gpt_one_text_example,3_10,0.0,"[0.35, 0.10526315789473684, 0.0, 0.0]",0.8187307530779819,0.8333333333333334,20.0,24.0
gpt_one_text_example,3_11,0.0,"[0.3333333333333333, 0.09090909090909091, 0.0, 0.0]",0.6065306597126334,0.6666666666666666,12.0,18.0
gpt_one_text_example,3_12,0.0,"[0.23076923076923078, 0.0, 0.0, 0.0]",0.5836454781435741,0.65,13.0,20.0
gpt_one_text_example,3_13,1.0,"[1.0, 1.0, 1.0, 1.0]",1.0,1.0,6.0,6.0
gpt_one_text_example,4_0,0.3202150746139868,"[0.9325842696629213, 0.7386363636363636, 0.5862068965517241, 0.4418604651162791]",0.4926948960943648,0.5855263157894737,89.0,152.0
gpt_one_text_example,4_1,0.0,"[0.8333333333333334, 0.6, 0.25, 0.0]",1.0,1.0,6.0,6.0
gpt_one_text_example,4_2,0.0,"[0.47368421052631576, 0.16666666666666666, 0.058823529411764705, 0.0]",0.8101577349324267,0.8260869565217391,19.0,23.0
gpt_one_text_example,4_3,0.1545663968901438,"[0.5714285714285714, 0.25, 0.10526315789473684, 0.05555555555555555]",0.909156442876713,0.9130434782608695,21.0,23.0
gpt_one_text_example,4_4,1.0,"[1.0, 1.0, 1.0, 1.0]",1.0,1.0,6.0,6.0
gpt_one_text_example,4_5,0.0,"[0.8333333333333334, 0.6, 0.25, 0.0]",1.0,1.0,6.0,6.0
gpt_one_text_example,4_6,0.14748557817318658,"[0.4230769230769231, 0.24, 0.125, 0.043478260869565216]",0.9622687143632572,0.9629629629629629,26.0,27.0
gpt_one_text_example,4_7,0.14036766958207972,"[0.6, 0.4444444444444444, 0.25, 0.14285714285714285]",0.4493289641172217,0.5555555555555556,10.0,18.0
gpt_one_text_example,4_8,0.537284965911771,"[0.8333333333333334, 0.6, 0.5, 0.3333333333333333]",1.0,1.0,6.0,6.0
gpt_one_text_example,4_9,1.0,"[1.0, 1.0, 1.0, 1.0]",1.0,1.0,7.0,7.0
gpt_one_text_example,4_10,1.0,"[1.0, 1.0, 1.0, 1.0]",1.0,1.0,7.0,7.0
gpt_one_text_example,4_11,0.1686664177254021,"[0.47058823529411764, 0.3125, 0.2, 0.14285714285714285]",0.6624801353939264,0.7083333333333334,17.0,24.0
gpt_one_text_example,4_12,0.0,"[0.38095238095238093, 0.05, 0.0, 0.0]",0.8668778997501817,0.875,21.0,24.0
gpt_one_text_example,4_13,0.5647181220077593,"[1.0, 1.0, 1.0, 1.0]",0.5647181220077593,0.6363636363636364,7.0,11.0
gpt_one_text_example,5_0,0.34327027168583996,"[0.8898305084745762, 0.5811965811965812, 0.3620689655172414, 0.23478260869565218]",0.7496599365423304,0.7763157894736842,118.0,152.0
gpt_one_text_example,5_1,0.0,"[1.0, 0.0, 0.0, 0.0]",1.0,1.0,1.0,1.0
gpt_one_text_example,5_2,0.0,"[0.5833333333333334, 0.2608695652173913, 0.09090909090909091, 0.0]",0.7788007830714049,0.8,24.0,30.0
gpt_one_text_example,5_3,0.0,"[0.3181818181818182, 0.14285714285714285, 0.05, 0.0]",0.7274705090242835,0.7586206896551724,22.0,29.0
gpt_one_text_example,5_4,0.0,"[0.42105263157894735, 0.1111111111111111, 0.0, 0.0]",0.8101577349324267,0.8260869565217391,19.0,23.0
gpt_one_text_example,5_5,0.0,"[0.3888888888888889, 0.11764705882352941, 0.0, 0.0]",0.846481724890614,0.8571428571428571,18.0,21.0
gpt_one_text_example,5_6,0.0,"[0.5333333333333333, 0.21428571428571427, 0.07692307692307693, 0.0]",0.6703200460356393,0.7142857142857143,15.0,21.0
gpt_one_text_example,5_7,1.0,"[1.0, 1.0, 1.0, 1.0]",1.0,1.0,7.0,7.0
gpt_one_text_example,5_8,0.18945990557634296,"[0.6666666666666666, 0.43478260869565216, 0.18181818181818182, 0.047619047619047616]",0.846481724890614,0.8571428571428571,24.0,28.0
gpt_one_text_example,5_9,0.1636811804348742,"[0.5217391304347826, 0.2727272727272727, 0.14285714285714285, 0.05]",0.9167169520254864,0.92,23.0,25.0
gpt_one_text_example,5_10,1.0,"[1.0, 1.0, 1.0, 1.0]",1.0,1.0,6.0,6.0
gpt_one_text_example,5_11,0.23542667502295264,"[0.5882352941176471, 0.375, 0.26666666666666666, 0.21428571428571427]",0.7026185226629954,0.7391304347826086,17.0,23.0
gpt_one_text_example,5_12,0.12635080461462492,"[0.45, 0.15789473684210525, 0.1111111111111111, 0.058823529411764705]",0.8607079764250577,0.8695652173913043,20.0,23.0
gpt_one_text_example,5_13,0.0,"[0.5, 0.3076923076923077, 0.08333333333333333, 0.0]",0.751477293075286,0.7777777777777778,14.0,18.0
gpt_one_text_example,5_14,0.2126109479057541,"[0.52, 0.2916666666666667, 0.17391304347826086, 0.09090909090909091]",0.9607894391523232,0.9615384615384616,25.0,26.0
gpt_one_text_example,6_0,0.3470824301153977,"[0.875, 0.7052631578947368, 0.5638297872340425, 0.43010752688172044]",0.558035145770047,0.631578947368421,96.0,152.0
gpt_one_text_example,6_1,0.0,"[1.0, 0.0, 0.0, 0.0]",1.0,1.0,1.0,1.0
gpt_one_text_example,6_2,0.41072675483179805,"[0.5217391304347826, 0.4090909090909091, 0.38095238095238093, 0.35]",1.0,1.0952380952380953,23.0,21.0
gpt_one_text_example,6_3,0.0,"[0.5, 0.23529411764705882, 0.0625, 0.0]",0.846481724890614,0.8571428571428571,18.0,21.0
gpt_one_text_example,6_4,0.0,"[0.3076923076923077, 0.0, 0.0, 0.0]",0.925961078642316,0.9285714285714286,13.0,14.0
gpt_one_text_example,6_5,0.23394472540311617,"[0.4375, 0.26666666666666666, 0.21428571428571427, 0.15384615384615385]",0.9394130628134758,0.9411764705882353,16.0,17.0
gpt_one_text_example,6_6,1.0,"[1.0, 1.0, 1.0, 1.0]",1.0,1.0,7.0,7.0
gpt_one_text_example,6_7,0.14336621932721869,"[0.5, 0.15789473684210525, 0.1111111111111111, 0.058823529411764705]",0.951229424500714,0.9523809523809523,20.0,21.0
gpt_one_text_example,6_8,0.0,"[0.7142857142857143, 0.3333333333333333, 0.2, 0.0]",1.0,1.0,7.0,7.0
gpt_one_text_example,6_9,1.0,"[1.0, 1.0, 1.0, 1.0]",1.0,1.0,8.0,8.0
gpt_one_text_example,6_10,0.1709901427833953,"[0.5454545454545454, 0.23809523809523808, 0.15, 0.05263157894736842]",0.9555630362682843,0.9565217391304348,22.0,23.0
gpt_one_text_example,6_11,0.14639350349026062,"[0.4117647058823529, 0.1875, 0.13333333333333333, 0.07142857142857142]",0.8890097654027757,0.8947368421052632,17.0,19.0
gpt_one_text_example,6_12,0.0,"[0.375, 0.06666666666666667, 0.0, 0.0]",0.9394130628134758,0.9411764705882353,16.0,17.0
gpt_one_text_example,6_13,1.0,"[1.0, 1.0, 1.0, 1.0]",1.0,1.0,7.0,7.0
gpt_one_text_example,6_14,0.0,"[0.375, 0.06666666666666667, 0.0, 0.0]",0.7316156289466418,0.7619047619047619,16.0,21.0
gpt_one_text_example,7_0,0.1974881383862343,"[0.8583333333333333, 0.3949579831932773, 0.1694915254237288, 0.07692307692307693]",0.7659283383646487,0.7894736842105263,120.0,152.0
gpt_one_text_example,7_1,0.0,"[0.8333333333333334, 0.6, 0.25, 0.0]",1.0,1.0,6.0,6.0
gpt_one_text_example,7_2,0.0,"[0.3333333333333333, 0.038461538461538464, 0.0, 0.0]",1.0,1.0,27.0,27.0
gpt_one_text_example,7_3,1.0,"[1.0, 1.0, 1.0, 1.0]",1.0,1.0,7.0,7.0
gpt_one_text_example,7_4,0.0,"[0.42857142857142855, 0.25, 0.05263157894736842, 0.0]",0.9534969548334766,0.9545454545454546,21.0,22.0
gpt_one_text_example,7_5,0.0,"[0.7142857142857143, 0.3333333333333333, 0.2, 0.0]",1.0,1.0,7.0,7.0
gpt_one_text_example,7_6,0.5946035575013605,"[0.875, 0.7142857142857143, 0.5, 0.4]",1.0,1.0,8.0,8.0
gpt_one_text_example,7_7,0.537284965911771,"[0.8333333333333334, 0.6, 0.5, 0.3333333333333333]",1.0,1.0,6.0,6.0
gpt_one_text_example,7_8,0.0,"[0.2777777777777778, 0.11764705882352941, 0.0, 0.0]",0.846481724890614,0.8571428571428571,18.0,21.0
gpt_one_text_example,7_9,1.0,"[1.0, 1.0, 1.0, 1.0]",1.0,1.0,7.0,7.0
gpt_one_text_example,7_10,1.0,"[1.0, 1.0, 1.0, 1.0]",1.0,1.0,7.0,7.0
gpt_one_text_example,7_11,0.6434588841607617,"[0.8571428571428571, 0.6666666666666666, 0.6, 0.5]",1.0,1.0,7.0,7.0
gpt_one_text_example,7_12,0.0,"[0.5238095238095238, 0.2, 0.0, 0.0]",0.751477293075286,0.7777777777777778,21.0,27.0
gpt_one_text_example,7_13,0.0,"[0.2631578947368421, 0.0, 0.0, 0.0]",1.0,1.0555555555555556,19.0,18.0
gpt_one_text_example,8_0,0.25728161082362916,"[0.9026548672566371, 0.49107142857142855, 0.2702702702702703, 0.14545454545454545]",0.7081263481558834,0.743421052631579,113.0,152.0
gpt_one_text_example,8_1,0.0,"[0.7142857142857143, 0.5, 0.2, 0.0]",1.0,1.1666666666666667,7.0,6.0
gpt_one_text_example,8_2,0.2557914670300308,"[0.625, 0.34782608695652173, 0.22727272727272727, 0.14285714285714285]",0.8824969025845955,0.8888888888888888,24.0,27.0
gpt_one_text_example,8_3,0.0,"[0.6086956521739131, 0.2727272727272727, 0.09523809523809523, 0.0]",0.8046150583253528,0.8214285714285714,23.0,28.0
gpt_one_text_example,8_4,0.0,"[0.42857142857142855, 0.05, 0.0, 0.0]",0.909156442876713,0.9130434782608695,21.0,23.0
gpt_one_text_example,8_5,0.0,"[0.47368421052631576, 0.16666666666666666, 0.0, 0.0]",0.5907775139012316,0.6551724137931034,19.0,29.0
gpt_one_text_example,8_6,0.0,"[0.3076923076923077, 0.0, 0.0, 0.0]",0.50041992036057,0.5909090909090909,13.0,22.0
gpt_one_text_example,8_7,0.2293530951556094,"[0.5, 0.3157894736842105, 0.2222222222222222, 0.11764705882352941]",0.9048374180359595,0.9090909090909091,20.0,22.0
gpt_one_text_example,8_8,0.0,"[0.34782608695652173, 0.09090909090909091, 0.0, 0.0]",0.8403699701308981,0.8518518518518519,23.0,27.0
gpt_one_text_example,8_9,0.31648105288039907,"[0.6842105263157895, 0.5, 0.29411764705882354, 0.1875]",0.8539396656235351,0.8636363636363636,19.0,22.0
gpt_one_text_example,8_10,0.3974179033128879,"[0.6818181818181818, 0.47619047619047616, 0.35, 0.3157894736842105]",0.9131007162822622,0.9166666666666666,22.0,24.0
gpt_one_text_example,8_11,0.21292208271783397,"[0.52, 0.25, 0.17391304347826086, 0.09090909090909091]",1.0,1.1363636363636365,25.0,22.0
gpt_one_text_example,8_12,0.5647181220077593,"[1.0, 1.0, 1.0, 1.0]",0.5647181220077593,0.6363636363636364,7.0,11.0
gpt_one_text_example,8_13,1.0,"[1.0, 1.0, 1.0, 1.0]",1.0,1.0,8.0,8.0
gpt_one_text_example,9_0,0.28548690695872064,"[0.853448275862069, 0.5217391304347826, 0.30701754385964913, 0.168141592920354]",0.7331940870813974,0.7631578947368421,116.0,152.0
gpt_one_text_example,9_1,0.0,"[0.8571428571428571, 0.6666666666666666, 0.4, 0.0]",1.0,1.0,7.0,7.0
gpt_one_text_example,9_2,0.20871006066235923,"[0.43333333333333335, 0.27586206896551724, 0.14285714285714285, 0.1111111111111111]",1.0,1.3043478260869565,30.0,23.0
gpt_one_text_example,9_3,1.0,"[1.0, 1.0, 1.0, 1.0]",1.0,1.0,7.0,7.0
gpt_one_text_example,9_4,0.0,"[0.8571428571428571, 0.6666666666666666, 0.4, 0.0]",1.0,1.0,7.0,7.0
gpt_one_text_example,9_5,1.0,"[1.0, 1.0, 1.0, 1.0]",1.0,1.0,7.0,7.0
gpt_one_text_example,9_6,1.0,"[1.0, 1.0, 1.0, 1.0]",1.0,1.0,7.0,7.0
gpt_one_text_example,9_7,1.0,"[1.0, 1.0, 1.0, 1.0]",1.0,1.0,7.0,7.0
gpt_one_text_example,9_8,1.0,"[1.0, 1.0, 1.0, 1.0]",1.0,1.0,7.0,7.0
gpt_one_text_example,9_9,0.13111226765819597,"[0.631578947368421, 0.2777777777777778, 0.11764705882352941, 0.0625]",0.6918258252705171,0.7307692307692307,19.0,26.0
gpt_one_text_example,9_10,0.0,"[0.3333333333333333, 0.07142857142857142, 0.0, 0.0]",0.8187307530779819,0.8333333333333334,15.0,18.0
gpt_one_text_example,9_11,1.0,"[1.0, 1.0, 1.0, 1.0]",1.0,1.0,6.0,6.0
gpt_one_text_example,9_12,0.0,"[0.4782608695652174, 0.22727272727272727, 0.09523809523809523, 0.0]",0.8403699701308981,0.8518518518518519,23.0,27.0
gpt_one_text_example,9_13,1.0,"[1.0, 1.0, 1.0, 1.0]",1.0,1.0,6.0,6.0
gpt_one_text_example,10_0,0.22515709142516271,"[0.8608695652173913, 0.43859649122807015, 0.21238938053097345, 0.11607142857142858]",0.72488726669279,0.756578947368421,115.0,152.0
gpt_one_text_example,10_1,1.0,"[1.0, 1.0, 1.0, 1.0]",1.0,1.0,6.0,6.0
gpt_one_text_example,10_2,0.0,"[0.55, 0.15789473684210525, 0.05555555555555555, 0.0]",0.6065306597126334,0.6666666666666666,20.0,30.0
gpt_one_text_example,10_3,1.0,"[1.0, 1.0, 1.0, 1.0]",1.0,1.0,6.0,6.0
gpt_one_text_example,10_4,0.0,"[0.42857142857142855, 0.2, 0.10526315789473684, 0.0]",0.8668778997501817,0.875,21.0,24.0
gpt_one_text_example,10_5,0.0,"[0.8333333333333334, 0.6, 0.25, 0.0]",1.0,1.0,6.0,6.0
gpt_one_text_example,10_6,0.10732544951044637,"[0.5, 0.23529411764705882, 0.125, 0.06666666666666667]",0.6065306597126334,0.6666666666666666,18.0,27.0
gpt_one_text_example,10_7,0.0,"[0.23076923076923078, 0.08333333333333333, 0.0, 0.0]",0.50041992036057,0.5909090909090909,13.0,22.0
gpt_one_text_example,10_8,1.0,"[1.0, 1.0, 1.0, 1.0]",1.0,1.0,6.0,6.0
gpt_one_text_example,10_9,0.6434588841607617,"[0.8571428571428571, 0.6666666666666666, 0.6, 0.5]",1.0,1.1666666666666667,7.0,6.0
gpt_one_text_example,10_10,0.15629616483175066,"[0.625, 0.3333333333333333, 0.21428571428571427, 0.07692307692307693]",0.645648526427892,0.6956521739130435,16.0,23.0
gpt_one_text_example,10_11,1.0,"[1.0, 1.0, 1.0, 1.0]",1.0,1.0,6.0,6.0
gpt_one_text_example,10_12,0.19101156890802765,"[0.6, 0.2857142857142857, 0.23076923076923078, 0.16666666666666666]",0.6703200460356393,0.7142857142857143,15.0,21.0
gpt_one_text_example,10_13,0.0,"[0.5714285714285714, 0.3076923076923077, 0.08333333333333333, 0.0]",0.6065306597126334,0.6666666666666666,14.0,21.0
gpt_one_text_example,11_0,0.19575376228553193,"[0.853448275862069, 0.4260869565217391, 0.17543859649122806, 0.07964601769911504]",0.7331940870813974,0.7631578947368421,116.0,152.0
gpt_one_text_example,11_1,1.0,"[1.0, 1.0, 1.0, 1.0]",1.0,1.0,6.0,6.0
gpt_one_text_example,11_2,1.0,"[1.0, 1.0, 1.0, 1.0]",1.0,1.0,6.0,6.0
gpt_one_text_example,11_3,0.0,"[0.5, 0.15384615384615385, 0.08333333333333333, 0.0]",0.6065306597126334,0.6666666666666666,14.0,21.0
gpt_one_text_example,11_4,0.537284965911771,"[0.8333333333333334, 0.6, 0.5, 0.3333333333333333]",1.0,1.0,6.0,6.0
gpt_one_text_example,11_5,0.0,"[0.4117647058823529, 0.125, 0.0, 0.0]",0.7451888170134805,0.7727272727272727,17.0,22.0
gpt_one_text_example,11_6,0.537284965911771,"[0.8333333333333334, 0.6, 0.5, 0.3333333333333333]",1.0,1.0,6.0,6.0
gpt_one_text_example,11_7,1.0,"[1.0, 1.0, 1.0, 1.0]",1.0,1.0,6.0,6.0
gpt_one_text_example,11_8,0.0,"[0.7142857142857143, 0.5, 0.2, 0.0]",1.0,1.0,7.0,7.0
gpt_one_text_example,11_9,0.6731821382417487,"[1.0, 0.8, 0.75, 0.6666666666666666]",0.846481724890614,0.8571428571428571,6.0,7.0
gpt_one_text_example,11_10,0.0,"[0.6666666666666666, 0.2, 0.0, 0.0]",1.0,1.0,6.0,6.0
gpt_one_text_example,11_11,0.0,"[0.23529411764705882, 0.0, 0.0, 0.0]",0.6624801353939264,0.7083333333333334,17.0,24.0
gpt_one_text_example,11_12,1.0,"[1.0, 1.0, 1.0, 1.0]",1.0,1.0,7.0,7.0
gpt_one_text_example,11_13,1.0,"[1.0, 1.0, 1.0, 1.0]",1.0,1.0,7.0,7.0
gpt_one_text_example,12_0,0.09616421149172141,"[0.9, 0.379746835443038, 0.14102564102564102, 0.06493506493506493]",0.40656965974059905,0.5263157894736842,80.0,152.0
gpt_one_text_example,12_1,0.0,"[0.7, 0.3333333333333333, 0.125, 0.0]",0.1826835240527346,0.37037037037037035,10.0,27.0
gpt_one_text_example,12_2,0.0,"[0.4, 0.0, 0.0, 0.0]",0.36787944117144233,0.5,10.0,20.0
gpt_one_text_example,12_3,0.6434588841607617,"[0.8571428571428571, 0.6666666666666666, 0.6, 0.5]",1.0,1.1666666666666667,7.0,6.0
gpt_one_text_example,12_4,0.0,"[0.5714285714285714, 0.3333333333333333, 0.2, 0.0]",1.0,1.4,7.0,5.0
gpt_one_text_example,12_5,0.0,"[0.625, 0.2857142857142857, 0.0, 0.0]",1.0,1.3333333333333333,8.0,6.0
gpt_one_text_example,12_6,0.15478539187472418,"[0.45454545454545453, 0.23809523809523808, 0.15, 0.10526315789473684]",0.7613003866968737,0.7857142857142857,22.0,28.0
gpt_one_text_example,12_7,0.16981430074726744,"[0.68, 0.3333333333333333, 0.13043478260869565, 0.045454545454545456]",0.8869204367171576,0.8928571428571429,25.0,28.0
gpt_one_text_example,12_8,0.0,"[0.625, 0.26666666666666666, 0.0, 0.0]",0.6065306597126334,0.6666666666666666,16.0,24.0
gpt_one_text_example,12_9,0.0,"[0.38461538461538464, 0.16666666666666666, 0.0, 0.0]",0.50041992036057,0.5909090909090909,13.0,22.0
gpt_one_text_example,12_10,0.6434588841607617,"[0.8571428571428571, 0.6666666666666666, 0.6, 0.5]",1.0,1.0,7.0,7.0
gpt_one_text_example,12_11,0.6434588841607617,"[0.8571428571428571, 0.6666666666666666, 0.6, 0.5]",1.0,1.0,7.0,7.0
gpt_one_text_example,12_12,0.0,"[0.5882352941176471, 0.1875, 0.0, 0.0]",0.6246347280002745,0.68,17.0,25.0
gpt_one_text_example,12_13,0.0,"[0.35294117647058826, 0.125, 0.0, 0.0]",0.6624801353939264,0.7083333333333334,17.0,24.0
gpt_one_text_example,13_0,0.28032116798725004,"[0.864, 0.46774193548387094, 0.2601626016260163, 0.13934426229508196]",0.8057353018734796,0.8223684210526315,125.0,152.0
gpt_one_text_example,13_1,0.0,"[0.6666666666666666, 0.4, 0.0, 0.0]",0.846481724890614,0.8571428571428571,6.0,7.0
gpt_one_text_example,13_2,1.0,"[1.0, 1.0, 1.0, 1.0]",1.0,1.0,8.0,8.0
gpt_one_text_example,13_3,0.0,"[0.25, 0.05263157894736842, 0.0, 0.0]",0.7788007830714049,0.8,20.0,25.0
gpt_one_text_example,13_4,1.0,"[1.0, 1.0, 1.0, 1.0]",1.0,1.0,7.0,7.0
gpt_one_text_example,13_5,0.16513339589011042,"[0.5, 0.3333333333333333, 0.21428571428571427, 0.15384615384615385]",0.6065306597126334,0.6666666666666666,16.0,24.0
gpt_one_text_example,13_6,0.0,"[0.42857142857142855, 0.23076923076923078, 0.08333333333333333, 0.0]",0.6514390575310556,0.7,14.0,20.0
gpt_one_text_example,13_7,1.0,"[1.0, 1.0, 1.0, 1.0]",1.0,1.0,7.0,7.0
gpt_one_text_example,13_8,0.5946035575013605,"[0.875, 0.7142857142857143, 0.5, 0.4]",1.0,1.0,8.0,8.0
gpt_one_text_example,13_9,0.0,"[0.4782608695652174, 0.22727272727272727, 0.047619047619047616, 0.0]",0.9167169520254864,0.92,23.0,25.0
gpt_one_text_example,13_10,0.3679583742839503,"[0.6923076923076923, 0.39473684210526316, 0.2972972972972973, 0.25]",0.974684913708152,0.975,39.0,40.0
gpt_one_text_example,13_11,0.2385651995810178,"[0.5882352941176471, 0.3125, 0.26666666666666666, 0.21428571428571427]",0.7451888170134805,0.7727272727272727,17.0,22.0
gpt_one_text_example,13_12,0.2548072663148067,"[0.7111111111111111, 0.38636363636363635, 0.2558139534883721, 0.19047619047619047]",0.7490954336047507,0.7758620689655172,45.0,58.0
gpt_one_text_example,13_13,0.6514390575310556,"[1.0, 1.0, 1.0, 1.0]",0.6514390575310556,0.7,7.0,10.0
gpt_one_text_example,14_0,0.1998308101799267,"[0.91, 0.5050505050505051, 0.24489795918367346, 0.1134020618556701]",0.5945205479701945,0.6578947368421053,100.0,152.0
gpt_one_text_example,14_1,0.6434588841607617,"[0.8571428571428571, 0.6666666666666666, 0.6, 0.5]",1.0,1.0,7.0,7.0
gpt_one_text_example,14_2,0.1333230006355464,"[0.5714285714285714, 0.35, 0.15789473684210525, 0.05555555555555555]",0.6514390575310556,0.7,21.0,30.0
gpt_one_text_example,14_3,0.17710675739937592,"[0.625, 0.3333333333333333, 0.21428571428571427, 0.07692307692307693]",0.7316156289466418,0.7619047619047619,16.0,21.0
gpt_one_text_example,14_4,0.537284965911771,"[0.8333333333333334, 0.6, 0.5, 0.3333333333333333]",1.0,1.0,6.0,6.0
gpt_one_text_example,14_5,1.0,"[1.0, 1.0, 1.0, 1.0]",1.0,1.0,6.0,6.0
gpt_one_text_example,14_6,0.4548019047027907,"[0.8333333333333334, 0.6, 0.5, 0.3333333333333333]",0.846481724890614,0.8571428571428571,6.0,7.0
gpt_one_text_example,14_7,0.0,"[0.44, 0.20833333333333334, 0.043478260869565216, 0.0]",0.6703200460356393,0.7142857142857143,25.0,35.0
gpt_one_text_example,14_8,0.0,"[0.45454545454545453, 0.1, 0.0, 0.0]",0.36787944117144233,0.5,11.0,22.0
gpt_one_text_example,14_9,0.13120966411271084,"[0.42105263157894735, 0.2222222222222222, 0.11764705882352941, 0.0625]",0.8101577349324267,0.8260869565217391,19.0,23.0
gpt_one_text_example,14_10,1.0,"[1.0, 1.0, 1.0, 1.0]",1.0,1.0,6.0,6.0
gpt_one_text_example,14_11,0.0,"[0.5555555555555556, 0.11764705882352941, 0.0, 0.0]",0.6065306597126334,0.6666666666666666,18.0,27.0
gpt_one_text_example,14_12,0.0,"[0.8333333333333334, 0.6, 0.25, 0.0]",1.0,1.0,6.0,6.0
gpt_one_text_example,14_13,1.0,"[1.0, 1.0, 1.0, 1.0]",1.0,1.0,6.0,6.0
gpt_one_text_example,15_0,0.24443920114015788,"[0.8769230769230769, 0.43410852713178294, 0.1953125, 0.09448818897637795]",0.844314039201216,0.8552631578947368,130.0,152.0
gpt_one_text_example,15_1,0.0,"[0.3181818181818182, 0.09523809523809523, 0.05, 0.0]",0.6642538428642955,0.7096774193548387,22.0,31.0
gpt_one_text_example,15_2,0.0,"[0.5714285714285714, 0.3333333333333333, 0.0, 0.0]",1.0,1.1666666666666667,7.0,6.0
gpt_one_text_example,15_3,1.0,"[1.0, 1.0, 1.0, 1.0]",1.0,1.0,6.0,6.0
gpt_one_text_example,15_4,1.0,"[1.0, 1.0, 1.0, 1.0]",1.0,1.0,6.0,6.0
gpt_one_text_example,15_5,1.0,"[1.0, 1.0, 1.0, 1.0]",1.0,1.0,7.0,7.0
gpt_one_text_example,15_6,0.0,"[0.4, 0.21052631578947367, 0.05555555555555555, 0.0]",0.6376281516217733,0.6896551724137931,20.0,29.0
gpt_one_text_example,15_7,1.0,"[1.0, 1.0, 1.0, 1.0]",1.0,1.0,6.0,6.0
gpt_one_text_example,15_8,0.0,"[0.44, 0.25, 0.08695652173913043, 0.0]",1.0,1.0869565217391304,25.0,23.0
gpt_one_text_example,15_9,1.0,"[1.0, 1.0, 1.0, 1.0]",1.0,1.0,6.0,6.0
gpt_one_text_example,15_10,0.0,"[0.8333333333333334, 0.6, 0.25, 0.0]",1.0,1.0,6.0,6.0
gpt_one_text_example,15_11,1.0,"[1.0, 1.0, 1.0, 1.0]",1.0,1.0,6.0,6.0
gpt_one_text_example,15_12,1.0,"[1.0, 1.0, 1.0, 1.0]",1.0,1.0,6.0,6.0
gpt_one_text_example,15_13,0.0,"[0.4, 0.125, 0.0, 0.0]",0.8869204367171576,0.8928571428571429,25.0,28.0
gpt_one_text_example,16_0,0.6075101665562345,"[0.8689655172413793, 0.7222222222222222, 0.5664335664335665, 0.4647887323943662]",0.95287088988235,0.9539473684210527,145.0,152.0
gpt_one_text_example,16_1,0.112981244907381,"[0.6842105263157895, 0.3333333333333333, 0.17647058823529413, 0.0625]",0.5044883526787212,0.59375,19.0,32.0
gpt_one_text_example,16_2,0.0,"[0.3333333333333333, 0.09090909090909091, 0.0, 0.0]",0.558035145770047,0.631578947368421,12.0,19.0
gpt_one_text_example,16_3,0.0,"[0.47619047619047616, 0.15, 0.05263157894736842, 0.0]",1.0,1.0,21.0,21.0
gpt_one_text_example,16_4,1.0,"[1.0, 1.0, 1.0, 1.0]",1.0,1.0,7.0,7.0
gpt_one_text_example,16_5,1.0,"[1.0, 1.0, 1.0, 1.0]",1.0,1.0,8.0,8.0
gpt_one_text_example,16_6,1.0,"[1.0, 1.0, 1.0, 1.0]",1.0,1.0,7.0,7.0
gpt_one_text_example,16_7,1.0,"[1.0, 1.0, 1.0, 1.0]",1.0,1.0,6.0,6.0
gpt_one_text_example,16_8,0.24214940317720454,"[0.5333333333333333, 0.2857142857142857, 0.23076923076923078, 0.16666666666666666]",0.8751733190429475,0.8823529411764706,15.0,17.0
gpt_one_text_example,16_9,1.0,"[1.0, 1.0, 1.0, 1.0]",1.0,1.0,7.0,7.0
gpt_one_text_example,16_10,0.6434588841607617,"[0.8571428571428571, 0.6666666666666666, 0.6, 0.5]",1.0,1.0,7.0,7.0
gpt_one_text_example,16_11,1.0,"[1.0, 1.0, 1.0, 1.0]",1.0,1.0,7.0,7.0
gpt_one_text_example,16_12,0.0,"[0.37037037037037035, 0.11538461538461539, 0.04, 0.0]",0.6904785504771092,0.7297297297297297,27.0,37.0
gpt_one_text_example,16_13,0.0,"[0.625, 0.2857142857142857, 0.16666666666666666, 0.0]",1.0,1.1428571428571428,8.0,7.0
gpt_one_text_example,17_0,0.1916973023394914,"[0.9174311926605505, 0.48148148148148145, 0.22429906542056074, 0.0660377358490566]",0.6740200553205584,0.7171052631578947,109.0,152.0
gpt_one_text_example,17_1,1.0,"[1.0, 1.0, 1.0, 1.0]",1.0,1.0,8.0,8.0
gpt_one_text_example,17_2,0.0,"[0.375, 0.13333333333333333, 0.0, 0.0]",0.6872892787909722,0.7272727272727273,16.0,22.0
gpt_one_text_example,17_3,0.0,"[0.4666666666666667, 0.21428571428571427, 0.07692307692307693, 0.0]",0.7659283383646487,0.7894736842105263,15.0,19.0
gpt_one_text_example,17_4,1.0,"[1.0, 1.0, 1.0, 1.0]",1.0,1.0,7.0,7.0
gpt_one_text_example,17_5,0.0,"[0.4, 0.15789473684210525, 0.0, 0.0]",0.740818220681718,0.7692307692307693,20.0,26.0
gpt_one_text_example,17_6,0.6434588841607617,"[0.8571428571428571, 0.6666666666666666, 0.6, 0.5]",1.0,1.0,7.0,7.0
gpt_one_text_example,17_7,0.0,"[0.5333333333333333, 0.2857142857142857, 0.07692307692307693, 0.0]",0.7165313105737893,0.75,15.0,20.0
gpt_one_text_example,17_8,0.0,"[0.6, 0.0, 0.0, 0.0]",0.6065306597126334,0.6666666666666666,10.0,15.0
gpt_one_text_example,17_9,0.28489318277723963,"[0.5833333333333334, 0.34782608695652173, 0.22727272727272727, 0.14285714285714285]",1.0,1.0434782608695652,24.0,23.0
gpt_one_text_example,17_10,1.0,"[1.0, 1.0, 1.0, 1.0]",1.0,1.0,7.0,7.0
gpt_one_text_example,17_11,1.0,"[1.0, 1.0, 1.0, 1.0]",1.0,1.0,7.0,7.0
gpt_one_text_example,17_12,0.2279229665503114,"[0.7142857142857143, 0.46153846153846156, 0.25, 0.18181818181818182]",0.6514390575310556,0.7,14.0,20.0
gpt_one_text_example,17_13,0.0,"[0.25, 0.06666666666666667, 0.0, 0.0]",0.8290291181804004,0.8421052631578947,16.0,19.0
gpt_one_text_example,18_0,0.35129210312097514,"[0.8958333333333334, 0.7052631578947368, 0.5638297872340425, 0.44086021505376344]",0.558035145770047,0.631578947368421,96.0,152.0
gpt_one_text_example,18_1,1.0,"[1.0, 1.0, 1.0, 1.0]",1.0,1.0,6.0,6.0
gpt_one_text_example,18_2,1.0,"[1.0, 1.0, 1.0, 1.0]",1.0,1.0,7.0,7.0
gpt_one_text_example,18_3,1.0,"[1.0, 1.0, 1.0, 1.0]",1.0,1.0,7.0,7.0
gpt_one_text_example,18_4,0.0,"[0.4117647058823529, 0.1875, 0.06666666666666667, 0.0]",0.43887992979155477,0.5483870967741935,17.0,31.0
gpt_one_text_example,18_5,1.0,"[1.0, 1.0, 1.0, 1.0]",1.0,1.0,6.0,6.0
gpt_one_text_example,18_6,0.0,"[0.8333333333333334, 0.6, 0.25, 0.0]",1.0,1.0,6.0,6.0
gpt_one_text_example,18_7,0.0,"[0.45454545454545453, 0.19047619047619047, 0.05, 0.0]",0.7274705090242835,0.7586206896551724,22.0,29.0
gpt_one_text_example,18_8,0.0,"[0.42857142857142855, 0.0, 0.0, 0.0]",0.5384570096736782,0.6176470588235294,21.0,34.0
gpt_one_text_example,18_9,1.0,"[1.0, 1.0, 1.0, 1.0]",1.0,1.0,6.0,6.0
gpt_one_text_example,18_10,0.0,"[0.5263157894736842, 0.2777777777777778, 0.11764705882352941, 0.0]",0.7686205265937356,0.7916666666666666,19.0,24.0
gpt_one_text_example,18_11,0.0,"[0.35294117647058826, 0.125, 0.06666666666666667, 0.0]",0.5889513097505535,0.6538461538461539,17.0,26.0
gpt_one_text_example,18_12,0.16219748681741689,"[0.5, 0.26666666666666666, 0.14285714285714285, 0.07692307692307693]",0.8290291181804004,0.8421052631578947,16.0,19.0
gpt_one_text_example,18_13,0.0,"[0.5, 0.2, 0.07142857142857142, 0.0]",0.7316156289466418,0.7619047619047619,16.0,21.0
gpt_one_text_example,19_0,0.3563363774937533,"[0.8877551020408163, 0.6907216494845361, 0.5520833333333334, 0.43157894736842106]",0.5763613863515786,0.6447368421052632,98.0,152.0
gpt_one_text_example,19_1,1.0,"[1.0, 1.0, 1.0, 1.0]",1.0,1.0,6.0,6.0
gpt_one_text_example,19_2,0.0,"[0.8333333333333334, 0.6, 0.25, 0.0]",1.0,1.0,6.0,6.0
gpt_one_text_example,19_3,0.8187307530779819,"[1.0, 1.0, 1.0, 1.0]",0.8187307530779819,0.8333333333333334,5.0,6.0
gpt_one_text_example,19_4,1.0,"[1.0, 1.0, 1.0, 1.0]",1.0,1.0,7.0,7.0
gpt_one_text_example,19_5,1.0,"[1.0, 1.0, 1.0, 1.0]",1.0,1.0,6.0,6.0
gpt_one_text_example,19_6,0.12497392209441985,"[0.5666666666666667, 0.27586206896551724, 0.10714285714285714, 0.037037037037037035]",0.7918895663367818,0.8108108108108109,30.0,37.0
gpt_one_text_example,19_7,0.15279082343679198,"[0.5, 0.2857142857142857, 0.15, 0.05263157894736842]",0.8337529180751805,0.8461538461538461,22.0,26.0
gpt_one_text_example,19_8,0.0,"[0.4444444444444444, 0.11764705882352941, 0.0625, 0.0]",0.846481724890614,0.8571428571428571,18.0,21.0
gpt_one_text_example,19_9,1.0,"[1.0, 1.0, 1.0, 1.0]",1.0,1.0,6.0,6.0
gpt_one_text_example,19_10,1.0,"[1.0, 1.0, 1.0, 1.0]",1.0,1.0,6.0,6.0
gpt_one_text_example,19_11,0.11527254759839232,"[0.56, 0.20833333333333334, 0.08695652173913043, 0.045454545454545456]",0.7866278610665535,0.8064516129032258,25.0,31.0
gpt_one_text_example,19_12,0.0,"[0.6666666666666666, 0.4, 0.0, 0.0]",1.0,1.0,6.0,6.0
gpt_one_text_example,19_13,0.0,"[0.6, 0.14285714285714285, 0.0, 0.0]",0.7165313105737893,0.75,15.0,20.0
gpt_one_text_example,20_0,0.2409621021012558,"[0.8583333333333333, 0.42016806722689076, 0.211864406779661, 0.1282051282051282]",0.7659283383646487,0.7894736842105263,120.0,152.0
gpt_one_text_example,20_1,1.0,"[1.0, 1.0, 1.0, 1.0]",1.0,1.0,6.0,6.0
gpt_one_text_example,20_2,0.5789300674674098,"[1.0, 0.75, 0.6666666666666666, 0.5]",0.8187307530779819,0.8333333333333334,5.0,6.0
gpt_one_text_example,20_3,1.0,"[1.0, 1.0, 1.0, 1.0]",1.0,1.0,7.0,7.0
gpt_one_text_example,20_4,1.0,"[1.0, 1.0, 1.0, 1.0]",1.0,1.0,6.0,6.0
gpt_one_text_example,20_5,0.0,"[0.38095238095238093, 0.1, 0.0, 0.0]",0.8265654376242381,0.84,21.0,25.0
gpt_one_text_example,20_6,0.0,"[0.45, 0.10526315789473684, 0.05555555555555555, 0.0]",1.0,1.0526315789473684,20.0,19.0
gpt_one_text_example,20_7,1.0,"[1.0, 1.0, 1.0, 1.0]",1.0,1.0,7.0,7.0
gpt_one_text_example,20_8,1.0,"[1.0, 1.0, 1.0, 1.0]",1.0,1.0,7.0,7.0
gpt_one_text_example,20_9,0.2069400867057732,"[0.5789473684210527, 0.3333333333333333, 0.17647058823529413, 0.125]",0.8101577349324267,0.8260869565217391,19.0,23.0
gpt_one_text_example,20_10,0.0,"[0.6111111111111112, 0.29411764705882354, 0.0625, 0.0]",0.8007374029168082,0.8181818181818182,18.0,22.0
gpt_one_text_example,20_11,1.0,"[1.0, 1.0, 1.0, 1.0]",1.0,1.0,7.0,7.0
gpt_one_text_example,20_12,1.0,"[1.0, 1.0, 1.0, 1.0]",1.0,1.0,6.0,6.0
gpt_one_text_example,20_13,0.15427252225727137,"[0.6666666666666666, 0.42857142857142855, 0.15384615384615385, 0.08333333333333333]",0.6270890852730561,0.6818181818181818,15.0,22.0
gpt_simple,1_0,0.5433975718229327,"[0.8676470588235294, 0.7111111111111111, 0.5373134328358209, 0.42105263157894735]",0.8890097654027757,0.8947368421052632,136.0,152.0
gpt_simple,1_1,0.0,"[0.5, 0.2, 0.0, 0.0]",0.846481724890614,0.8571428571428571,6.0,7.0
gpt_simple,1_2,1.0,"[1.0, 1.0, 1.0, 1.0]",1.0,1.0,7.0,7.0
gpt_simple,1_3,0.0,"[0.3333333333333333, 0.11764705882352941, 0.0625, 0.0]",0.6065306597126334,0.6666666666666666,18.0,27.0
gpt_simple,1_4,0.0,"[0.4666666666666667, 0.14285714285714285, 0.0, 0.0]",0.8187307530779819,0.8333333333333334,15.0,18.0
gpt_simple,1_5,0.345720784641941,"[0.5, 0.42857142857142855, 0.3333333333333333, 0.2]",1.0,1.3333333333333333,8.0,6.0
gpt_simple,1_6,0.4347208719449914,"[0.7142857142857143, 0.5, 0.4, 0.25]",1.0,1.0,7.0,7.0
gpt_simple,1_7,1.0,"[1.0, 1.0, 1.0, 1.0]",1.0,1.0,7.0,7.0
gpt_simple,1_8,0.8091067115702212,"[0.8571428571428571, 0.8333333333333334, 0.8, 0.75]",1.0,1.0,7.0,7.0
gpt_simple,1_9,0.24386272093446126,"[0.48, 0.2916666666666667, 0.21739130434782608, 0.13636363636363635]",0.9607894391523232,0.9615384615384616,25.0,26.0
gpt_simple,1_10,0.0,"[0.4666666666666667, 0.0, 0.0, 0.0]",0.7659283383646487,0.7894736842105263,15.0,19.0
gpt_simple,1_11,0.0,"[0.4117647058823529, 0.125, 0.06666666666666667, 0.0]",0.7451888170134805,0.7727272727272727,17.0,22.0
gpt_simple,1_12,0.7598356856515925,"[0.8333333333333334, 0.8, 0.75, 0.6666666666666666]",1.0,1.0,6.0,6.0
gpt_simple,1_13,0.0,"[0.5, 0.15789473684210525, 0.05555555555555555, 0.0]",0.6703200460356393,0.7142857142857143,20.0,28.0
gpt_simple,2_0,0.5700211835832005,"[0.8450704225352113, 0.6950354609929078, 0.5428571428571428, 0.43884892086330934]",0.9319999339074818,0.9342105263157895,142.0,152.0
gpt_simple,2_1,0.0,"[0.0, 0.0, 0.0, 0.0]",0.36787944117144233,0.5,1.0,2.0
gpt_simple,2_2,0.0,"[0.5, 0.06666666666666667, 0.0, 0.0]",0.4723665527410147,0.5714285714285714,16.0,28.0
gpt_simple,2_3,0.0,"[0.47058823529411764, 0.125, 0.06666666666666667, 0.0]",0.7026185226629954,0.7391304347826086,17.0,23.0
gpt_simple,2_4,0.0,"[0.6111111111111112, 0.23529411764705882, 0.0625, 0.0]",0.8948393168143697,0.9,18.0,20.0
gpt_simple,2_5,0.7598356856515925,"[0.8333333333333334, 0.8, 0.75, 0.6666666666666666]",1.0,1.0,6.0,6.0
gpt_simple,2_6,0.14358630482433854,"[0.55, 0.2631578947368421, 0.1111111111111111, 0.058823529411764705]",0.8187307530779819,0.8333333333333334,20.0,24.0
gpt_simple,2_7,0.0,"[0.6153846153846154, 0.25, 0.0, 0.0]",0.5836454781435741,0.65,13.0,20.0
gpt_simple,2_8,0.0,"[0.6190476190476191, 0.25, 0.05263157894736842, 0.0]",0.8668778997501817,0.875,21.0,24.0
gpt_simple,2_9,1.0,"[1.0, 1.0, 1.0, 1.0]",1.0,1.0,6.0,6.0
gpt_simple,2_10,0.0,"[0.5, 0.4, 0.25, 0.0]",1.0,1.0,6.0,6.0
gpt_simple,2_11,0.0,"[0.3888888888888889, 0.058823529411764705, 0.0, 0.0]",0.8007374029168082,0.8181818181818182,18.0,22.0
gpt_simple,2_12,0.2140004728622147,"[0.5555555555555556, 0.29411764705882354, 0.1875, 0.13333333333333333]",0.846481724890614,0.8571428571428571,18.0,21.0
gpt_simple,2_13,0.44632361378533286,"[0.5555555555555556, 0.5, 0.42857142857142855, 0.3333333333333333]",1.0,1.5,9.0,6.0
gpt_simple,2_14,0.0,"[0.4117647058823529, 0.1875, 0.06666666666666667, 0.0]",0.6246347280002745,0.68,17.0,25.0
gpt_simple,3_0,0.5547437991826524,"[0.8561151079136691, 0.6956521739130435, 0.5328467153284672, 0.4338235294117647]",0.9107150854626748,0.9144736842105263,139.0,152.0
gpt_simple,3_1,0.0,"[0.42857142857142855, 0.1, 0.0, 0.0]",0.9534969548334766,0.9545454545454546,21.0,22.0
gpt_simple,3_2,0.0,"[0.42105263157894735, 0.16666666666666666, 0.058823529411764705, 0.0]",0.7686205265937356,0.7916666666666666,19.0,24.0
gpt_simple,3_3,0.0,"[1.0, 0.5, 0.0, 0.0]",0.0012726338013398079,0.13043478260869565,3.0,23.0
gpt_simple,3_4,0.5081327481546147,"[0.6666666666666666, 0.6, 0.5, 0.3333333333333333]",1.0,1.0,6.0,6.0
gpt_simple,3_5,0.0,"[0.5714285714285714, 0.3333333333333333, 0.2, 0.0]",1.0,1.0,7.0,7.0
gpt_simple,3_6,0.23064313973247677,"[0.75, 0.4666666666666667, 0.2857142857142857, 0.07692307692307693]",0.7788007830714049,0.8,16.0,20.0
gpt_simple,3_7,0.1749037457823364,"[0.4, 0.20588235294117646, 0.12121212121212122, 0.09375]",1.0,1.206896551724138,35.0,29.0
gpt_simple,3_8,0.0,"[0.47058823529411764, 0.1875, 0.0, 0.0]",0.7451888170134805,0.7727272727272727,17.0,22.0
gpt_simple,3_9,0.0,"[0.6666666666666666, 0.2, 0.0, 0.0]",1.0,1.0,6.0,6.0
gpt_simple,3_10,0.0,"[0.26666666666666666, 0.0, 0.0, 0.0]",0.5488116360940264,0.625,15.0,24.0
gpt_simple,3_11,0.0,"[0.3333333333333333, 0.09090909090909091, 0.0, 0.0]",0.6065306597126334,0.6666666666666666,12.0,18.0
gpt_simple,3_12,0.0,"[0.3333333333333333, 0.18181818181818182, 0.0, 0.0]",0.513417119032592,0.6,12.0,20.0
gpt_simple,3_13,0.0,"[0.0625, 0.0425531914893617, 0.021739130434782608, 0.0]",1.0,8.0,48.0,6.0
gpt_simple,4_0,0.39755955521703673,"[0.8608695652173913, 0.631578947368421, 0.4778761061946903, 0.3482142857142857]",0.72488726669279,0.756578947368421,115.0,152.0
gpt_simple,4_1,0.0,"[0.6, 0.25, 0.0, 0.0]",0.8187307530779819,0.8333333333333334,5.0,6.0
gpt_simple,4_2,0.0,"[0.4090909090909091, 0.14285714285714285, 0.05, 0.0]",0.9555630362682843,0.9565217391304348,22.0,23.0
gpt_simple,4_3,0.0,"[0.5238095238095238, 0.25, 0.05263157894736842, 0.0]",0.909156442876713,0.9130434782608695,21.0,23.0
gpt_simple,4_4,0.7598356856515925,"[0.8333333333333334, 0.8, 0.75, 0.6666666666666666]",1.0,1.0,6.0,6.0
gpt_simple,4_5,0.0,"[0.5, 0.2, 0.0, 0.0]",1.0,1.0,6.0,6.0
gpt_simple,4_6,0.2001822543535399,"[0.46153846153846156, 0.28, 0.16666666666666666, 0.08695652173913043]",0.9622687143632572,0.9629629629629629,26.0,27.0
gpt_simple,4_7,0.0,"[0.5, 0.2222222222222222, 0.0, 0.0]",0.4493289641172217,0.5555555555555556,10.0,18.0
gpt_simple,4_8,0.5081327481546147,"[0.6666666666666666, 0.6, 0.5, 0.3333333333333333]",1.0,1.0,6.0,6.0
gpt_simple,4_9,0.0,"[0.5714285714285714, 0.16666666666666666, 0.0, 0.0]",1.0,1.0,7.0,7.0
gpt_simple,4_10,1.0,"[1.0, 1.0, 1.0, 1.0]",1.0,1.0,7.0,7.0
gpt_simple,4_11,0.16513339589011042,"[0.5, 0.3333333333333333, 0.21428571428571427, 0.15384615384615385]",0.6065306597126334,0.6666666666666666,16.0,24.0
gpt_simple,4_12,0.0,"[0.35294117647058826, 0.0, 0.0, 0.0]",0.6624801353939264,0.7083333333333334,17.0,24.0
gpt_simple,4_13,0.34718201116725705,"[0.7142857142857143, 0.6666666666666666, 0.6, 0.5]",0.5647181220077593,0.6363636363636364,7.0,11.0
gpt_simple,5_0,0.5969763037809236,"[0.8652482269503546, 0.7285714285714285, 0.5755395683453237, 0.4782608695652174]",0.9249513065738011,0.9276315789473685,141.0,152.0
gpt_simple,5_1,0.0,"[1.0, 0.0, 0.0, 0.0]",1.0,1.0,1.0,1.0
gpt_simple,5_2,0.0,"[0.46153846153846156, 0.24, 0.08333333333333333, 0.0]",0.8574039191604413,0.8666666666666667,26.0,30.0
gpt_simple,5_3,0.0,"[0.4375, 0.13333333333333333, 0.0, 0.0]",0.44374731008107987,0.5517241379310345,16.0,29.0
gpt_simple,5_4,0.0,"[0.4444444444444444, 0.11764705882352941, 0.0, 0.0]",0.7574651283969664,0.782608695652174,18.0,23.0
gpt_simple,5_5,0.0,"[0.5, 0.2, 0.0, 0.0]",0.7316156289466418,0.7619047619047619,16.0,21.0
gpt_simple,5_6,0.21034099652856053,"[0.5555555555555556, 0.4117647058823529, 0.25, 0.06666666666666667]",0.846481724890614,0.8571428571428571,18.0,21.0
gpt_simple,5_7,0.4347208719449914,"[0.7142857142857143, 0.5, 0.4, 0.25]",1.0,1.0,7.0,7.0
gpt_simple,5_8,0.1615855849188538,"[0.6111111111111112, 0.4117647058823529, 0.1875, 0.13333333333333333]",0.573753420737433,0.6428571428571429,18.0,28.0
gpt_simple,5_9,0.0,"[0.5833333333333334, 0.18181818181818182, 0.0, 0.0]",0.33846542510674216,0.48,12.0,25.0
gpt_simple,5_10,0.5081327481546147,"[0.6666666666666666, 0.6, 0.5, 0.3333333333333333]",1.0,1.0,6.0,6.0
gpt_simple,5_11,0.11100757760876476,"[0.4666666666666667, 0.21428571428571427, 0.15384615384615385, 0.08333333333333333]",0.5866462195100318,0.6521739130434783,15.0,23.0
gpt_simple,5_12,0.12635080461462492,"[0.45, 0.15789473684210525, 0.1111111111111111, 0.058823529411764705]",0.8607079764250577,0.8695652173913043,20.0,23.0
gpt_simple,5_13,0.0,"[0.5555555555555556, 0.375, 0.14285714285714285, 0.0]",0.36787944117144233,0.5,9.0,18.0
gpt_simple,5_14,0.1409758738694868,"[0.36585365853658536, 0.2, 0.10256410256410256, 0.05263157894736842]",1.0,1.5769230769230769,41.0,26.0
gpt_simple,6_0,0.5523676517318835,"[0.8613138686131386, 0.7058823529411765, 0.5481481481481482, 0.43283582089552236]",0.8962919777242007,0.9013157894736842,137.0,152.0
gpt_simple,6_1,0.0,"[0.0, 0.0, 0.0, 0.0]",1.0,1.0,1.0,1.0
gpt_simple,6_2,0.3384085449126476,"[0.7058823529411765, 0.5, 0.3333333333333333, 0.2857142857142857]",0.7903383629814982,0.8095238095238095,17.0,21.0
gpt_simple,6_3,0.0,"[0.47058823529411764, 0.25, 0.06666666666666667, 0.0]",0.7903383629814982,0.8095238095238095,17.0,21.0
gpt_simple,6_4,0.0,"[0.4166666666666667, 0.09090909090909091, 0.0, 0.0]",0.846481724890614,0.8571428571428571,12.0,14.0
gpt_simple,6_5,0.2334010940134803,"[0.5, 0.3076923076923077, 0.25, 0.18181818181818182]",0.8071177470053892,0.8235294117647058,14.0,17.0
gpt_simple,6_6,0.0,"[0.16666666666666666, 0.0, 0.0, 0.0]",0.846481724890614,0.8571428571428571,6.0,7.0
gpt_simple,6_7,0.0,"[0.4, 0.0, 0.0, 0.0]",0.951229424500714,0.9523809523809523,20.0,21.0
gpt_simple,6_8,0.6434588841607617,"[0.8571428571428571, 0.6666666666666666, 0.6, 0.5]",1.0,1.0,7.0,7.0
gpt_simple,6_9,0.8408964152537145,"[0.875, 0.8571428571428571, 0.8333333333333334, 0.8]",1.0,1.0,8.0,8.0
gpt_simple,6_10,0.0,"[0.35294117647058826, 0.125, 0.06666666666666667, 0.0]",0.7026185226629954,0.7391304347826086,17.0,23.0
gpt_simple,6_11,0.14628563604184996,"[0.3888888888888889, 0.17647058823529413, 0.125, 0.06666666666666667]",0.9459594689067654,0.9473684210526315,18.0,19.0
gpt_simple,6_12,0.0,"[0.375, 0.06666666666666667, 0.0, 0.0]",0.9394130628134758,0.9411764705882353,16.0,17.0
gpt_simple,6_13,0.846481724890614,"[1.0, 1.0, 1.0, 1.0]",0.846481724890614,0.8571428571428571,6.0,7.0
gpt_simple,6_14,0.0,"[0.4117647058823529, 0.125, 0.0, 0.0]",0.7903383629814982,0.8095238095238095,17.0,21.0
gpt_simple,7_0,0.5225731319395803,"[0.8656716417910447, 0.6842105263157895, 0.5227272727272727, 0.4122137404580153]",0.8743029329197535,0.881578947368421,134.0,152.0
gpt_simple,7_1,0.0,"[0.16666666666666666, 0.0, 0.0, 0.0]",1.0,1.0,6.0,6.0
gpt_simple,7_2,0.0,"[0.3333333333333333, 0.08695652173913043, 0.0, 0.0]",0.8824969025845955,0.8888888888888888,24.0,27.0
gpt_simple,7_3,0.0,"[0.375, 0.14285714285714285, 0.0, 0.0]",1.0,1.1428571428571428,8.0,7.0
gpt_simple,7_4,0.0,"[0.42857142857142855, 0.25, 0.05263157894736842, 0.0]",0.9534969548334766,0.9545454545454546,21.0,22.0
gpt_simple,7_5,0.0,"[0.5714285714285714, 0.3333333333333333, 0.2, 0.0]",1.0,1.0,7.0,7.0
gpt_simple,7_6,0.2626909894424158,"[0.4, 0.3333333333333333, 0.25, 0.14285714285714285]",1.0,1.25,10.0,8.0
gpt_simple,7_7,0.0,"[0.25, 0.0, 0.0, 0.0]",0.6065306597126334,0.6666666666666666,4.0,6.0
gpt_simple,7_8,0.0,"[0.3333333333333333, 0.11764705882352941, 0.0, 0.0]",0.846481724890614,0.8571428571428571,18.0,21.0
gpt_simple,7_9,0.0,"[0.5, 0.2, 0.0, 0.0]",0.846481724890614,0.8571428571428571,6.0,7.0
gpt_simple,7_10,0.0,"[0.7142857142857143, 0.5, 0.2, 0.0]",1.0,1.0,7.0,7.0
gpt_simple,7_11,0.0,"[0.4, 0.25, 0.0, 0.0]",0.6703200460356393,0.7142857142857143,5.0,7.0
gpt_simple,7_12,0.0,"[0.45454545454545453, 0.14285714285714285, 0.0, 0.0]",0.7967034698934615,0.8148148148148148,22.0,27.0
gpt_simple,7_13,0.0,"[0.1875, 0.0, 0.0, 0.0]",0.8824969025845955,0.8888888888888888,16.0,18.0
gpt_simple,8_0,0.4022243716363909,"[0.8928571428571429, 0.6666666666666666, 0.5, 0.3669724770642202]",0.6996725373751302,0.7368421052631579,112.0,152.0
gpt_simple,8_1,0.5081327481546147,"[0.6666666666666666, 0.6, 0.5, 0.3333333333333333]",1.0,1.0,6.0,6.0
gpt_simple,8_2,0.14925353978641284,"[0.65, 0.3157894736842105, 0.16666666666666666, 0.058823529411764705]",0.7046880897187133,0.7407407407407407,20.0,27.0
gpt_simple,8_3,0.0,"[0.6538461538461539, 0.36, 0.16666666666666666, 0.0]",0.925961078642316,0.9285714285714286,26.0,28.0
gpt_simple,8_4,0.0,"[0.2647058823529412, 0.06060606060606061, 0.0, 0.0]",1.0,1.4782608695652173,34.0,23.0
gpt_simple,8_5,0.0,"[0.5, 0.17647058823529413, 0.0, 0.0]",0.5427474811642219,0.6206896551724138,18.0,29.0
gpt_simple,8_6,0.0,"[0.13333333333333333, 0.0, 0.0, 0.0]",0.6270890852730561,0.6818181818181818,15.0,22.0
gpt_simple,8_7,0.18239780312938017,"[0.4, 0.21052631578947367, 0.16666666666666666, 0.11764705882352941]",0.9048374180359595,0.9090909090909091,20.0,22.0
gpt_simple,8_8,0.0,"[0.32, 0.08333333333333333, 0.0, 0.0]",0.9231163463866358,0.9259259259259259,25.0,27.0
gpt_simple,8_9,0.2361520759153821,"[0.5909090909090909, 0.3333333333333333, 0.15, 0.10526315789473684]",1.0,1.0,22.0,22.0
gpt_simple,8_10,0.24982159733769838,"[0.6, 0.3684210526315789, 0.2222222222222222, 0.17647058823529413]",0.8187307530779819,0.8333333333333334,20.0,24.0
gpt_simple,8_11,0.1646978284931428,"[0.4230769230769231, 0.16, 0.125, 0.08695652173913043]",1.0,1.1818181818181819,26.0,22.0
gpt_simple,8_12,0.34718201116725705,"[0.7142857142857143, 0.6666666666666666, 0.6, 0.5]",0.5647181220077593,0.6363636363636364,7.0,11.0
gpt_simple,8_13,0.8408964152537145,"[0.875, 0.8571428571428571, 0.8333333333333334, 0.8]",1.0,1.0,8.0,8.0
gpt_simple,9_0,0.563085254973325,"[0.8642857142857143, 0.697841726618705, 0.5362318840579711, 0.43795620437956206]",0.9178564384568926,0.9210526315789473,140.0,152.0
gpt_simple,9_1,0.0,"[0.4, 0.0, 0.0, 0.0]",0.6703200460356393,0.7142857142857143,5.0,7.0
gpt_simple,9_2,0.2694353370737824,"[0.5833333333333334, 0.34782608695652173, 0.18181818181818182, 0.14285714285714285]",1.0,1.0434782608695652,24.0,23.0
gpt_simple,9_3,0.43012508513132625,"[0.6666666666666666, 0.6, 0.5, 0.3333333333333333]",0.846481724890614,0.8571428571428571,6.0,7.0
gpt_simple,9_4,0.0,"[0.5714285714285714, 0.3333333333333333, 0.2, 0.0]",1.0,1.0,7.0,7.0
gpt_simple,9_5,0.0,"[0.3333333333333333, 0.0, 0.0, 0.0]",0.846481724890614,0.8571428571428571,6.0,7.0
gpt_simple,9_6,0.43012508513132625,"[0.6666666666666666, 0.6, 0.5, 0.3333333333333333]",0.846481724890614,0.8571428571428571,6.0,7.0
gpt_simple,9_7,0.6434588841607617,"[0.8571428571428571, 0.6666666666666666, 0.6, 0.5]",1.0,1.0,7.0,7.0
gpt_simple,9_8,0.0,"[0.16666666666666666, 0.09090909090909091, 0.0, 0.0]",1.0,1.7142857142857142,12.0,7.0
gpt_simple,9_9,0.12191716955553646,"[0.6666666666666666, 0.23529411764705882, 0.125, 0.06666666666666667]",0.6411803884299546,0.6923076923076923,18.0,26.0
gpt_simple,9_10,0.0,"[0.16666666666666666, 0.0, 0.0, 0.0]",0.1353352832366127,0.3333333333333333,6.0,18.0
gpt_simple,9_11,0.5475182535069453,"[0.8, 0.75, 0.6666666666666666, 0.5]",0.8187307530779819,0.8333333333333334,5.0,6.0
gpt_simple,9_12,0.0,"[0.5909090909090909, 0.2857142857142857, 0.05, 0.0]",0.7967034698934615,0.8148148148148148,22.0,27.0
gpt_simple,9_13,0.10308675254291907,"[0.17391304347826086, 0.13636363636363635, 0.09523809523809523, 0.05]",1.0,3.8333333333333335,23.0,6.0
gpt_simple,10_0,0.5943323546628122,"[0.8227848101265823, 0.6496815286624203, 0.532051282051282, 0.43870967741935485]",1.0,1.0394736842105263,158.0,152.0
gpt_simple,10_1,0.7598356856515925,"[0.8333333333333334, 0.8, 0.75, 0.6666666666666666]",1.0,1.0,6.0,6.0
gpt_simple,10_2,0.0,"[0.35294117647058826, 0.1875, 0.06666666666666667, 0.0]",0.4654708140240617,0.5666666666666667,17.0,30.0
gpt_simple,10_3,0.7598356856515925,"[0.8333333333333334, 0.8, 0.75, 0.6666666666666666]",1.0,1.0,6.0,6.0
gpt_simple,10_4,0.0,"[0.45454545454545453, 0.19047619047619047, 0.1, 0.0]",0.9131007162822622,0.9166666666666666,22.0,24.0
gpt_simple,10_5,0.0,"[0.42857142857142855, 0.16666666666666666, 0.0, 0.0]",1.0,1.1666666666666667,7.0,6.0
gpt_simple,10_6,0.0,"[0.4444444444444444, 0.125, 0.0, 0.0]",0.1353352832366127,0.3333333333333333,9.0,27.0
gpt_simple,10_7,0.0,"[0.38461538461538464, 0.16666666666666666, 0.0, 0.0]",0.50041992036057,0.5909090909090909,13.0,22.0
gpt_simple,10_8,0.8187307530779819,"[1.0, 1.0, 1.0, 1.0]",0.8187307530779819,0.8333333333333334,5.0,6.0
gpt_simple,10_9,0.41113361690051975,"[0.5714285714285714, 0.5, 0.4, 0.25]",1.0,1.1666666666666667,7.0,6.0
gpt_simple,10_10,0.0,"[0.6, 0.2857142857142857, 0.15384615384615385, 0.0]",0.5866462195100318,0.6521739130434783,15.0,23.0
gpt_simple,10_11,0.5081327481546147,"[0.6666666666666666, 0.6, 0.5, 0.3333333333333333]",1.0,1.0,6.0,6.0
gpt_simple,10_12,0.19101156890802765,"[0.6, 0.2857142857142857, 0.23076923076923078, 0.16666666666666666]",0.6703200460356393,0.7142857142857143,15.0,21.0
gpt_simple,10_13,0.0,"[0.5, 0.3333333333333333, 0.125, 0.0]",0.33287108369807955,0.47619047619047616,10.0,21.0
gpt_simple,11_0,0.5820989853990267,"[0.8768115942028986, 0.7226277372262774, 0.5735294117647058, 0.4740740740740741]",0.9035270092600377,0.9078947368421053,138.0,152.0
gpt_simple,11_1,0.5081327481546147,"[0.6666666666666666, 0.6, 0.5, 0.3333333333333333]",1.0,1.0,6.0,6.0
gpt_simple,11_2,0.7598356856515925,"[0.8333333333333334, 0.8, 0.75, 0.6666666666666666]",1.0,1.0,6.0,6.0
gpt_simple,11_3,0.0,"[0.4166666666666667, 0.0, 0.0, 0.0]",0.4723665527410147,0.5714285714285714,12.0,21.0
gpt_simple,11_4,0.16451929399933107,"[0.26666666666666666, 0.21428571428571427, 0.15384615384615385, 0.08333333333333333]",1.0,2.5,15.0,6.0
gpt_simple,11_5,0.0,"[0.3333333333333333, 0.09090909090909091, 0.0, 0.0]",0.43459820850707814,0.5454545454545454,12.0,22.0
gpt_simple,11_6,0.0,"[0.5, 0.4, 0.25, 0.0]",1.0,1.0,6.0,6.0
gpt_simple,11_7,0.7598356856515925,"[0.8333333333333334, 0.8, 0.75, 0.6666666666666666]",1.0,1.0,6.0,6.0
gpt_simple,11_8,0.8091067115702212,"[0.8571428571428571, 0.8333333333333334, 0.8, 0.75]",1.0,1.0,7.0,7.0
gpt_simple,11_9,0.6431870218238024,"[0.8333333333333334, 0.8, 0.75, 0.6666666666666666]",0.846481724890614,0.8571428571428571,6.0,7.0
gpt_simple,11_10,0.5475182535069453,"[0.8, 0.75, 0.6666666666666666, 0.5]",0.8187307530779819,0.8333333333333334,5.0,6.0
gpt_simple,11_11,0.0,"[0.2777777777777778, 0.0, 0.0, 0.0]",0.7165313105737893,0.75,18.0,24.0
gpt_simple,11_12,0.6147881529512643,"[0.7142857142857143, 0.6666666666666666, 0.6, 0.5]",1.0,1.0,7.0,7.0
gpt_simple,11_13,0.161692143534558,"[0.22727272727272727, 0.19047619047619047, 0.15, 0.10526315789473684]",1.0,3.142857142857143,22.0,7.0
gpt_simple,12_0,0.5609147812977142,"[0.8461538461538461, 0.6690140845070423, 0.524822695035461, 0.42857142857142855]",0.9390025698932825,0.9407894736842105,143.0,152.0
gpt_simple,12_1,0.0,"[0.36, 0.125, 0.0, 0.0]",0.9231163463866358,0.9259259259259259,25.0,27.0
gpt_simple,12_2,0.0,"[0.16666666666666666, 0.0, 0.0, 0.0]",0.09697196786440505,0.3,6.0,20.0
gpt_simple,12_3,0.6434588841607617,"[0.8571428571428571, 0.6666666666666666, 0.6, 0.5]",1.0,1.1666666666666667,7.0,6.0
gpt_simple,12_4,0.0,"[0.6666666666666666, 0.4, 0.25, 0.0]",1.0,1.2,6.0,5.0
gpt_simple,12_5,0.0,"[0.42857142857142855, 0.16666666666666666, 0.0, 0.0]",1.0,1.1666666666666667,7.0,6.0
gpt_simple,12_6,0.0,"[0.375, 0.13333333333333333, 0.0, 0.0]",0.4723665527410147,0.5714285714285714,16.0,28.0
gpt_simple,12_7,0.0,"[0.6428571428571429, 0.23076923076923078, 0.0, 0.0]",0.36787944117144233,0.5,14.0,28.0
gpt_simple,12_8,0.0,"[0.6, 0.2857142857142857, 0.07692307692307693, 0.0]",0.5488116360940264,0.625,15.0,24.0
gpt_simple,12_9,0.0,"[0.5, 0.2, 0.0, 0.0]",0.06948345122280151,0.2727272727272727,6.0,22.0
gpt_simple,12_10,0.0,"[0.3333333333333333, 0.0, 0.0, 0.0]",0.846481724890614,0.8571428571428571,6.0,7.0
gpt_simple,12_11,0.0,"[0.5, 0.0, 0.0, 0.0]",0.846481724890614,0.8571428571428571,6.0,7.0
gpt_simple,12_12,0.0,"[0.5384615384615384, 0.25, 0.09090909090909091, 0.0]",0.39729471319771137,0.52,13.0,25.0
gpt_simple,12_13,0.0,"[0.35294117647058826, 0.0625, 0.0, 0.0]",0.6624801353939264,0.7083333333333334,17.0,24.0
gpt_simple,13_0,0.6142221892241962,"[0.8533333333333334, 0.7181208053691275, 0.5540540540540541, 0.4421768707482993]",0.9867551618071956,0.9868421052631579,150.0,152.0
gpt_simple,13_1,0.0,"[0.6666666666666666, 0.4, 0.0, 0.0]",0.846481724890614,0.8571428571428571,6.0,7.0
gpt_simple,13_2,0.8408964152537145,"[0.875, 0.8571428571428571, 0.8333333333333334, 0.8]",1.0,1.0,8.0,8.0
gpt_simple,13_3,0.0,"[0.23076923076923078, 0.0, 0.0, 0.0]",0.39729471319771137,0.52,13.0,25.0
gpt_simple,13_4,0.0,"[0.4, 0.0, 0.0, 0.0]",0.6703200460356393,0.7142857142857143,5.0,7.0
gpt_simple,13_5,0.0,"[0.23809523809523808, 0.05, 0.0, 0.0]",0.8668778997501817,0.875,21.0,24.0
gpt_simple,13_6,0.0,"[0.6, 0.21428571428571427, 0.0, 0.0]",0.7165313105737893,0.75,15.0,20.0
gpt_simple,13_7,0.0,"[0.6666666666666666, 0.4, 0.0, 0.0]",0.846481724890614,0.8571428571428571,6.0,7.0
gpt_simple,13_8,0.3655552228545123,"[0.625, 0.42857142857142855, 0.3333333333333333, 0.2]",1.0,1.0,8.0,8.0
gpt_simple,13_9,0.2443585677897007,"[0.6818181818181818, 0.42857142857142855, 0.2, 0.10526315789473684]",0.8725252928694237,0.88,22.0,25.0
gpt_simple,13_10,0.1473125269846173,"[0.5862068965517241, 0.21428571428571427, 0.14814814814814814, 0.11538461538461539]",0.6843332004383633,0.725,29.0,40.0
gpt_simple,13_11,0.1822562161814287,"[0.5625, 0.26666666666666666, 0.21428571428571427, 0.15384615384615385]",0.6872892787909722,0.7272727272727273,16.0,22.0
gpt_simple,13_12,0.05356887529508914,"[0.75, 0.25925925925925924, 0.07692307692307693, 0.04]",0.3425188550930457,0.4827586206896552,28.0,58.0
gpt_simple,13_13,0.0,"[0.2, 0.041666666666666664, 0.0, 0.0]",1.0,2.5,25.0,10.0
gpt_simple,14_0,0.5863245887833547,"[0.8671328671328671, 0.704225352112676, 0.5531914893617021, 0.45]",0.9390025698932825,0.9407894736842105,143.0,152.0
gpt_simple,14_1,0.0,"[0.5714285714285714, 0.3333333333333333, 0.2, 0.0]",1.0,1.0,7.0,7.0
gpt_simple,14_2,0.11542738134663778,"[0.7058823529411765, 0.375, 0.2, 0.07142857142857142]",0.4654708140240617,0.5666666666666667,17.0,30.0
gpt_simple,14_3,0.18322595730639304,"[0.6470588235294118, 0.3125, 0.2, 0.07142857142857142]",0.7903383629814982,0.8095238095238095,17.0,21.0
gpt_simple,14_4,0.7598356856515925,"[0.8333333333333334, 0.8, 0.75, 0.6666666666666666]",1.0,1.0,6.0,6.0
gpt_simple,14_5,0.0,"[0.5, 0.4, 0.25, 0.0]",1.0,1.0,6.0,6.0
gpt_simple,14_6,0.0,"[0.6, 0.5, 0.3333333333333333, 0.0]",0.6703200460356393,0.7142857142857143,5.0,7.0
gpt_simple,14_7,0.1483336250173659,"[0.52, 0.2916666666666667, 0.17391304347826086, 0.09090909090909091]",0.6703200460356393,0.7142857142857143,25.0,35.0
gpt_simple,14_8,0.0,"[0.5, 0.2727272727272727, 0.1, 0.0]",0.43459820850707814,0.5454545454545454,12.0,22.0
gpt_simple,14_9,0.172681629186964,"[0.42105263157894735, 0.2222222222222222, 0.17647058823529413, 0.125]",0.8101577349324267,0.8260869565217391,19.0,23.0
gpt_simple,14_10,0.0,"[0.6666666666666666, 0.4, 0.25, 0.0]",1.0,1.0,6.0,6.0
gpt_simple,14_11,0.0,"[0.6190476190476191, 0.2, 0.05263157894736842, 0.0]",0.751477293075286,0.7777777777777778,21.0,27.0
gpt_simple,14_12,0.0,"[0.0, 0.0, 0.0, 0.0]",0.36787944117144233,0.5,3.0,6.0
gpt_simple,14_13,0.0,"[0.10714285714285714, 0.07407407407407407, 0.038461538461538464, 0.0]",1.0,4.666666666666667,28.0,6.0
gpt_simple,15_0,0.5681367902499302,"[0.8591549295774648, 0.6950354609929078, 0.5357142857142857, 0.4316546762589928]",0.9319999339074818,0.9342105263157895,142.0,152.0
gpt_simple,15_1,0.0,"[0.2916666666666667, 0.08695652173913043, 0.045454545454545456, 0.0]",0.7470175003104325,0.7741935483870968,24.0,31.0
gpt_simple,15_2,0.0,"[0.2, 0.0, 0.0, 0.0]",0.8187307530779819,0.8333333333333334,5.0,6.0
gpt_simple,15_3,0.5081327481546147,"[0.6666666666666666, 0.6, 0.5, 0.3333333333333333]",1.0,1.0,6.0,6.0
gpt_simple,15_4,0.0,"[0.3333333333333333, 0.0, 0.0, 0.0]",1.0,1.0,6.0,6.0
gpt_simple,15_5,0.0,"[0.8333333333333334, 0.6, 0.25, 0.0]",0.846481724890614,0.8571428571428571,6.0,7.0
gpt_simple,15_6,0.0,"[0.5, 0.3157894736842105, 0.05555555555555555, 0.0]",0.6376281516217733,0.6896551724137931,20.0,29.0
gpt_simple,15_7,0.6147881529512643,"[0.7142857142857143, 0.6666666666666666, 0.6, 0.5]",1.0,1.1666666666666667,7.0,6.0
gpt_simple,15_8,0.0,"[0.3333333333333333, 0.17647058823529413, 0.0625, 0.0]",0.7574651283969664,0.782608695652174,18.0,23.0
gpt_simple,15_9,0.5081327481546147,"[0.6666666666666666, 0.6, 0.5, 0.3333333333333333]",1.0,1.0,6.0,6.0
gpt_simple,15_10,0.0,"[0.5714285714285714, 0.16666666666666666, 0.0, 0.0]",1.0,1.1666666666666667,7.0,6.0
gpt_simple,15_11,1.0,"[1.0, 1.0, 1.0, 1.0]",1.0,1.0,6.0,6.0
gpt_simple,15_12,0.537284965911771,"[0.8333333333333334, 0.6, 0.5, 0.3333333333333333]",1.0,1.0,6.0,6.0
gpt_simple,15_13,0.0,"[0.42857142857142855, 0.1111111111111111, 0.0, 0.0]",1.0,1.0,28.0,28.0
gpt_simple,16_0,0.5740912927078752,"[0.9, 0.7122302158273381, 0.5362318840579711, 0.44525547445255476]",0.9178564384568926,0.9210526315789473,140.0,152.0
gpt_simple,16_1,0.0,"[0.5, 0.15789473684210525, 0.05555555555555555, 0.0]",0.5488116360940264,0.625,20.0,32.0
gpt_simple,16_2,0.0,"[0.3333333333333333, 0.09090909090909091, 0.0, 0.0]",0.558035145770047,0.631578947368421,12.0,19.0
gpt_simple,16_3,0.0,"[0.47619047619047616, 0.15, 0.05263157894736842, 0.0]",1.0,1.0,21.0,21.0
gpt_simple,16_4,0.8091067115702212,"[0.8571428571428571, 0.8333333333333334, 0.8, 0.75]",1.0,1.0,7.0,7.0
gpt_simple,16_5,0.8408964152537145,"[0.875, 0.8571428571428571, 0.8333333333333334, 0.8]",1.0,1.0,8.0,8.0
gpt_simple,16_6,0.6431870218238024,"[0.8333333333333334, 0.8, 0.75, 0.6666666666666666]",0.846481724890614,0.8571428571428571,6.0,7.0
gpt_simple,16_7,0.0,"[0.6666666666666666, 0.4, 0.25, 0.0]",1.0,1.0,6.0,6.0
gpt_simple,16_8,0.25281168697394946,"[0.5555555555555556, 0.29411764705882354, 0.1875, 0.13333333333333333]",1.0,1.0588235294117647,18.0,17.0
gpt_simple,16_9,0.0,"[0.8333333333333334, 0.6, 0.25, 0.0]",0.846481724890614,0.8571428571428571,6.0,7.0
gpt_simple,16_10,0.0,"[0.0, 0.0, 0.0, 0.0]",0.4723665527410147,0.5714285714285714,4.0,7.0
gpt_simple,16_11,0.0,"[0.5714285714285714, 0.3333333333333333, 0.2, 0.0]",1.0,1.0,7.0,7.0
gpt_simple,16_12,0.11004529412877558,"[0.4827586206896552, 0.21428571428571427, 0.1111111111111111, 0.038461538461538464]",0.7589176018322887,0.7837837837837838,29.0,37.0
gpt_simple,16_13,0.0,"[0.045454545454545456, 0.0, 0.0, 0.0]",1.0,3.142857142857143,22.0,7.0
gpt_simple,17_0,0.37410442982234443,"[0.8888888888888888, 0.603448275862069, 0.41739130434782606, 0.2894736842105263]",0.7414516693140943,0.7697368421052632,117.0,152.0
gpt_simple,17_1,0.6803749333171202,"[0.75, 0.7142857142857143, 0.6666666666666666, 0.6]",1.0,1.0,8.0,8.0
gpt_simple,17_2,0.0,"[0.375, 0.2, 0.07142857142857142, 0.0]",0.6872892787909722,0.7272727272727273,16.0,22.0
gpt_simple,17_3,0.0,"[0.375, 0.2, 0.07142857142857142, 0.0]",0.8290291181804004,0.8421052631578947,16.0,19.0
gpt_simple,17_4,0.0,"[0.5, 0.2, 0.0, 0.0]",0.846481724890614,0.8571428571428571,6.0,7.0
gpt_simple,17_5,0.0,"[0.35, 0.15789473684210525, 0.0, 0.0]",0.740818220681718,0.7692307692307693,20.0,26.0
gpt_simple,17_6,0.0,"[0.3333333333333333, 0.0, 0.0, 0.0]",0.846481724890614,0.8571428571428571,6.0,7.0
gpt_simple,17_7,0.0,"[0.46153846153846156, 0.16666666666666666, 0.09090909090909091, 0.0]",0.5836454781435741,0.65,13.0,20.0
gpt_simple,17_8,0.0,"[0.5454545454545454, 0.1, 0.0, 0.0]",0.6951439283988786,0.7333333333333333,11.0,15.0
gpt_simple,17_9,0.38103910787230955,"[0.6956521739130435, 0.45454545454545453, 0.3333333333333333, 0.2]",1.0,1.0,23.0,23.0
gpt_simple,17_10,0.0,"[0.6, 0.25, 0.0, 0.0]",0.6703200460356393,0.7142857142857143,5.0,7.0
gpt_simple,17_11,0.0,"[0.2857142857142857, 0.16666666666666666, 0.0, 0.0]",1.0,1.0,7.0,7.0
gpt_simple,17_12,0.3655281142832326,"[0.8461538461538461, 0.6666666666666666, 0.5454545454545454, 0.5]",0.5836454781435741,0.65,13.0,20.0
gpt_simple,17_13,0.0,"[0.15789473684210525, 0.0, 0.0, 0.0]",1.0,1.0,19.0,19.0
gpt_simple,18_0,0.575902033664368,"[0.8391608391608392, 0.6971830985915493, 0.5460992907801419, 0.44285714285714284]",0.9390025698932825,0.9407894736842105,143.0,152.0
gpt_simple,18_1,0.5081327481546147,"[0.6666666666666666, 0.6, 0.5, 0.3333333333333333]",1.0,1.0,6.0,6.0
gpt_simple,18_2,0.8091067115702212,"[0.8571428571428571, 0.8333333333333334, 0.8, 0.75]",1.0,1.0,7.0,7.0
gpt_simple,18_3,0.0,"[0.2222222222222222, 0.0, 0.0, 0.0]",1.0,1.2857142857142858,9.0,7.0
gpt_simple,18_4,0.15878209092044057,"[0.48, 0.2916666666666667, 0.13043478260869565, 0.09090909090909091]",0.7866278610665535,0.8064516129032258,25.0,31.0
gpt_simple,18_5,0.0,"[0.5, 0.3333333333333333, 0.0, 0.0]",0.6065306597126334,0.6666666666666666,4.0,6.0
gpt_simple,18_6,0.0,"[0.8, 0.5, 0.0, 0.0]",0.8187307530779819,0.8333333333333334,5.0,6.0
gpt_simple,18_7,0.0,"[0.5555555555555556, 0.125, 0.0, 0.0]",0.10836802322189586,0.3103448275862069,9.0,29.0
gpt_simple,18_8,0.08822997736304256,"[0.4444444444444444, 0.11538461538461539, 0.08, 0.041666666666666664]",0.7716229467154109,0.7941176470588235,27.0,34.0
gpt_simple,18_9,0.0,"[0.16666666666666666, 0.0, 0.0, 0.0]",1.0,1.0,6.0,6.0
gpt_simple,18_10,0.0,"[0.4, 0.05263157894736842, 0.0, 0.0]",0.8187307530779819,0.8333333333333334,20.0,24.0
gpt_simple,18_11,0.0,"[0.2777777777777778, 0.11764705882352941, 0.0625, 0.0]",0.6411803884299546,0.6923076923076923,18.0,26.0
gpt_simple,18_12,0.0,"[0.45454545454545453, 0.2, 0.1111111111111111, 0.0]",0.48322508118982543,0.5789473684210527,11.0,19.0
gpt_simple,18_13,0.0,"[0.47058823529411764, 0.1875, 0.06666666666666667, 0.0]",0.7903383629814982,0.8095238095238095,17.0,21.0
gpt_simple,19_0,0.5729259470740031,"[0.8275862068965517, 0.6805555555555556, 0.5314685314685315, 0.43661971830985913]",0.95287088988235,0.9539473684210527,145.0,152.0
gpt_simple,19_1,0.8187307530779819,"[1.0, 1.0, 1.0, 1.0]",0.8187307530779819,0.8333333333333334,5.0,6.0
gpt_simple,19_2,0.0,"[0.0, 0.0, 0.0, 0.0]",1.0,1.0,6.0,6.0
gpt_simple,19_3,0.5475182535069453,"[0.8, 0.75, 0.6666666666666666, 0.5]",0.8187307530779819,0.8333333333333334,5.0,6.0
gpt_simple,19_4,0.8091067115702212,"[0.8571428571428571, 0.8333333333333334, 0.8, 0.75]",1.0,1.0,7.0,7.0
gpt_simple,19_5,0.6065306597126334,"[1.0, 1.0, 1.0, 1.0]",0.6065306597126334,0.6666666666666666,4.0,6.0
gpt_simple,19_6,0.09517866400993277,"[0.38235294117647056, 0.15151515151515152, 0.0625, 0.03225806451612903]",0.9155454289236553,0.918918918918919,34.0,37.0
gpt_simple,19_7,0.1504879399849233,"[0.55, 0.3157894736842105, 0.16666666666666666, 0.058823529411764705]",0.740818220681718,0.7692307692307693,20.0,26.0
gpt_simple,19_8,0.0,"[0.35294117647058826, 0.0, 0.0, 0.0]",0.7903383629814982,0.8095238095238095,17.0,21.0
gpt_simple,19_9,0.5081327481546147,"[0.6666666666666666, 0.6, 0.5, 0.3333333333333333]",1.0,1.0,6.0,6.0
gpt_simple,19_10,0.8187307530779819,"[1.0, 1.0, 1.0, 1.0]",0.8187307530779819,0.8333333333333334,5.0,6.0
gpt_simple,19_11,0.15907579320176463,"[0.6, 0.3684210526315789, 0.2222222222222222, 0.11764705882352941]",0.5769498103804866,0.6451612903225806,20.0,31.0
gpt_simple,19_12,0.0,"[0.6666666666666666, 0.4, 0.25, 0.0]",1.0,1.0,6.0,6.0
gpt_simple,19_13,0.0,"[0.5333333333333333, 0.14285714285714285, 0.0, 0.0]",0.7165313105737893,0.75,15.0,20.0
gpt_simple,20_0,0.39983402495743126,"[0.8859649122807017, 0.6460176991150443, 0.48214285714285715, 0.35135135135135137]",0.7165313105737893,0.75,114.0,152.0
gpt_simple,20_1,0.5475182535069453,"[0.8, 0.75, 0.6666666666666666, 0.5]",0.8187307530779819,0.8333333333333334,5.0,6.0
gpt_simple,20_2,0.0,"[0.5, 0.2, 0.0, 0.0]",1.0,1.0,6.0,6.0
gpt_simple,20_3,0.345720784641941,"[0.5, 0.42857142857142855, 0.3333333333333333, 0.2]",1.0,1.1428571428571428,8.0,7.0
gpt_simple,20_4,0.5081327481546147,"[0.6666666666666666, 0.6, 0.5, 0.3333333333333333]",1.0,1.0,6.0,6.0
gpt_simple,20_5,0.0,"[0.22727272727272727, 0.0, 0.0, 0.0]",0.8725252928694237,0.88,22.0,25.0
gpt_simple,20_6,0.15071676257541072,"[0.5, 0.15789473684210525, 0.1111111111111111, 0.058823529411764705]",1.0,1.0526315789473684,20.0,19.0
gpt_simple,20_7,0.8091067115702212,"[0.8571428571428571, 0.8333333333333334, 0.8, 0.75]",1.0,1.0,7.0,7.0
gpt_simple,20_8,0.43012508513132625,"[0.6666666666666666, 0.6, 0.5, 0.3333333333333333]",0.846481724890614,0.8571428571428571,6.0,7.0
gpt_simple,20_9,0.2799710769987287,"[0.7058823529411765, 0.5, 0.3333333333333333, 0.21428571428571427]",0.7026185226629954,0.7391304347826086,17.0,23.0
gpt_simple,20_10,0.0,"[0.4444444444444444, 0.23529411764705882, 0.0625, 0.0]",0.8007374029168082,0.8181818181818182,18.0,22.0
gpt_simple,20_11,0.0,"[0.8333333333333334, 0.6, 0.25, 0.0]",0.846481724890614,0.8571428571428571,6.0,7.0
gpt_simple,20_12,0.0,"[0.5, 0.3333333333333333, 0.0, 0.0]",0.6065306597126334,0.6666666666666666,4.0,6.0
gpt_simple,20_13,0.10123734869668824,"[0.3142857142857143, 0.17647058823529413, 0.06060606060606061, 0.03125]",1.0,1.5909090909090908,35.0,22.0
claude_simple,1_0,0.06874917680987135,"[0.8983050847457628, 0.4827586206896552, 0.2631578947368421, 0.10714285714285714]",0.20674457466952018,0.3881578947368421,59.0,152.0
claude_simple,1_1,0.0,"[0.3333333333333333, 0.125, 0.0, 0.0]",1.0,1.2857142857142858,9.0,7.0
claude_simple,1_2,0.44632361378533286,"[0.5555555555555556, 0.5, 0.42857142857142855, 0.3333333333333333]",1.0,1.2857142857142858,9.0,7.0
claude_simple,1_3,0.0,"[0.34782608695652173, 0.09090909090909091, 0.0, 0.0]",0.8403699701308981,0.8518518518518519,23.0,27.0
claude_simple,1_4,0.0,"[0.18181818181818182, 0.0, 0.0, 0.0]",0.5292133415000504,0.6111111111111112,11.0,18.0
claude_simple,1_5,0.0,"[0.42857142857142855, 0.16666666666666666, 0.0, 0.0]",1.0,1.1666666666666667,7.0,6.0
claude_simple,1_6,0.44632361378533286,"[0.5555555555555556, 0.5, 0.42857142857142855, 0.3333333333333333]",1.0,1.2857142857142858,9.0,7.0
claude_simple,1_7,0.3655552228545123,"[0.625, 0.42857142857142855, 0.3333333333333333, 0.2]",1.0,1.1428571428571428,8.0,7.0
claude_simple,1_8,0.6147881529512643,"[0.7142857142857143, 0.6666666666666666, 0.6, 0.5]",1.0,1.0,7.0,7.0
claude_simple,1_9,0.16081986819293687,"[0.38461538461538464, 0.16, 0.125, 0.08695652173913043]",1.0,1.0,26.0,26.0
claude_simple,1_10,0.0,"[0.21052631578947367, 0.0, 0.0, 0.0]",1.0,1.0,19.0,19.0
claude_simple,1_11,0.0,"[0.42857142857142855, 0.1, 0.05263157894736842, 0.0]",0.9534969548334766,0.9545454545454546,21.0,22.0
claude_simple,1_12,0.5081327481546147,"[0.6666666666666666, 0.6, 0.5, 0.3333333333333333]",1.0,1.0,6.0,6.0
claude_simple,1_13,0.0,"[0.15, 0.02564102564102564, 0.0, 0.0]",1.0,1.4285714285714286,40.0,28.0
claude_simple,2_0,0.04102168863274356,"[0.9230769230769231, 0.4117647058823529, 0.2, 0.08163265306122448]",0.14615655707154251,0.34210526315789475,52.0,152.0
claude_simple,2_1,0.0,"[0.0, 0.0, 0.0, 0.0]",0.36787944117144233,0.5,1.0,2.0
claude_simple,2_2,0.0,"[0.375, 0.08695652173913043, 0.0, 0.0]",0.846481724890614,0.8571428571428571,24.0,28.0
claude_simple,2_3,0.0,"[0.3076923076923077, 0.0, 0.0, 0.0]",0.4633693692311752,0.5652173913043478,13.0,23.0
claude_simple,2_4,0.0,"[0.55, 0.2631578947368421, 0.1111111111111111, 0.0]",1.0,1.0,20.0,20.0
claude_simple,2_5,0.5081327481546147,"[0.6666666666666666, 0.6, 0.5, 0.3333333333333333]",1.0,1.0,6.0,6.0
claude_simple,2_6,0.1331715880876082,"[0.47619047619047616, 0.2, 0.10526315789473684, 0.05555555555555555]",0.8668778997501817,0.875,21.0,24.0
claude_simple,2_7,0.0,"[0.47058823529411764, 0.1875, 0.0, 0.0]",0.8382234324229999,0.85,17.0,20.0
claude_simple,2_8,0.0,"[0.2857142857142857, 0.0, 0.0, 0.0]",0.8668778997501817,0.875,21.0,24.0
claude_simple,2_9,0.345720784641941,"[0.5, 0.42857142857142855, 0.3333333333333333, 0.2]",1.0,1.3333333333333333,8.0,6.0
claude_simple,2_10,0.0,"[0.2857142857142857, 0.0, 0.0, 0.0]",1.0,1.1666666666666667,7.0,6.0
claude_simple,2_11,0.0,"[0.5238095238095238, 0.1, 0.0, 0.0]",0.9534969548334766,0.9545454545454546,21.0,22.0
claude_simple,2_12,0.20763951311414872,"[0.55, 0.21052631578947367, 0.16666666666666666, 0.11764705882352941]",0.951229424500714,0.9523809523809523,20.0,21.0
claude_simple,2_13,0.5169731539571706,"[0.625, 0.5714285714285714, 0.5, 0.4]",1.0,1.3333333333333333,8.0,6.0
claude_simple,2_14,0.0,"[0.21153846153846154, 0.058823529411764705, 0.02, 0.0]",1.0,2.08,52.0,25.0
claude_simple,3_0,0.015052746168195812,"[0.9428571428571428, 0.5588235294117647, 0.3333333333333333, 0.1875]",0.035335853773954616,0.23026315789473684,35.0,152.0
claude_simple,3_1,0.10845182904139573,"[0.28, 0.125, 0.08695652173913043, 0.045454545454545456]",1.0,1.1363636363636365,25.0,22.0
claude_simple,3_2,0.0,"[0.2, 0.08333333333333333, 0.043478260869565216, 0.0]",1.0,1.0416666666666667,25.0,24.0
claude_simple,3_3,0.0,"[0.4444444444444444, 0.23529411764705882, 0.0625, 0.0]",0.7574651283969664,0.782608695652174,18.0,23.0
claude_simple,3_4,0.345720784641941,"[0.5, 0.42857142857142855, 0.3333333333333333, 0.2]",1.0,1.3333333333333333,8.0,6.0
claude_simple,3_5,0.6147881529512643,"[0.7142857142857143, 0.6666666666666666, 0.6, 0.5]",1.0,1.0,7.0,7.0
claude_simple,3_6,0.0,"[0.3, 0.05263157894736842, 0.0, 0.0]",1.0,1.0,20.0,20.0
claude_simple,3_7,0.0,"[0.21428571428571427, 0.037037037037037035, 0.0, 0.0]",0.9649159443723702,0.9655172413793104,28.0,29.0
claude_simple,3_8,0.0,"[0.5454545454545454, 0.23809523809523808, 0.0, 0.0]",1.0,1.0,22.0,22.0
claude_simple,3_9,0.7598356856515925,"[0.8333333333333334, 0.8, 0.75, 0.6666666666666666]",1.0,1.0,6.0,6.0
claude_simple,3_10,0.0,"[0.23076923076923078, 0.04, 0.0, 0.0]",1.0,1.0833333333333333,26.0,24.0
claude_simple,3_11,0.0,"[0.3157894736842105, 0.05555555555555555, 0.0, 0.0]",1.0,1.0555555555555556,19.0,18.0
claude_simple,3_12,0.0,"[0.4166666666666667, 0.09090909090909091, 0.0, 0.0]",0.513417119032592,0.6,12.0,20.0
claude_simple,3_13,0.0,"[0.041666666666666664, 0.0, 0.0, 0.0]",1.0,8.0,48.0,6.0
claude_simple,4_0,0.04209649162784307,"[0.92, 0.4489795918367347, 0.25, 0.10638297872340426]",0.13002871087842596,0.32894736842105265,50.0,152.0
claude_simple,4_1,0.0,"[0.6666666666666666, 0.4, 0.0, 0.0]",1.0,1.0,6.0,6.0
claude_simple,4_2,0.0,"[0.4074074074074074, 0.11538461538461539, 0.0, 0.0]",1.0,1.173913043478261,27.0,23.0
claude_simple,4_3,0.0,"[0.25806451612903225, 0.1, 0.0, 0.0]",1.0,1.3478260869565217,31.0,23.0
claude_simple,4_4,0.7598356856515925,"[0.8333333333333334, 0.8, 0.75, 0.6666666666666666]",1.0,1.0,6.0,6.0
claude_simple,4_5,0.0,"[0.6666666666666666, 0.4, 0.0, 0.0]",1.0,1.0,6.0,6.0
claude_simple,4_6,0.0,"[0.2857142857142857, 0.15, 0.05263157894736842, 0.0]",0.751477293075286,0.7777777777777778,21.0,27.0
claude_simple,4_7,0.0,"[0.5, 0.2727272727272727, 0.1, 0.0]",0.6065306597126334,0.6666666666666666,12.0,18.0
claude_simple,4_8,0.5081327481546147,"[0.6666666666666666, 0.6, 0.5, 0.3333333333333333]",1.0,1.0,6.0,6.0
claude_simple,4_9,0.0,"[0.5714285714285714, 0.3333333333333333, 0.2, 0.0]",1.0,1.0,7.0,7.0
claude_simple,4_10,0.0,"[0.5714285714285714, 0.3333333333333333, 0.2, 0.0]",1.0,1.0,7.0,7.0
claude_simple,4_11,0.10349959141408216,"[0.5714285714285714, 0.23076923076923078, 0.16666666666666666, 0.09090909090909091]",0.48954165955695317,0.5833333333333334,14.0,24.0
claude_simple,4_12,0.0,"[0.36, 0.125, 0.043478260869565216, 0.0]",1.0,1.0416666666666667,25.0,24.0
claude_simple,4_13,0.21200626759025185,"[0.3333333333333333, 0.2727272727272727, 0.2, 0.1111111111111111]",1.0,1.0909090909090908,12.0,11.0
claude_simple,5_0,0.047649005043489026,"[0.8421052631578947, 0.35714285714285715, 0.18181818181818182, 0.07407407407407407]",0.18887560283756186,0.375,57.0,152.0
claude_simple,5_1,0.0,"[1.0, 0.0, 0.0, 0.0]",1.0,1.0,1.0,1.0
claude_simple,5_2,0.0,"[0.375, 0.043478260869565216, 0.0, 0.0]",0.7788007830714049,0.8,24.0,30.0
claude_simple,5_3,0.0,"[0.23809523809523808, 0.05, 0.0, 0.0]",0.6832104226749482,0.7241379310344828,21.0,29.0
claude_simple,5_4,0.0,"[0.043478260869565216, 0.0, 0.0, 0.0]",1.0,1.0,23.0,23.0
claude_simple,5_5,0.0,"[0.42105263157894735, 0.05555555555555555, 0.0, 0.0]",0.9000876262522594,0.9047619047619048,19.0,21.0
claude_simple,5_6,0.0,"[0.2857142857142857, 0.05, 0.0, 0.0]",1.0,1.0,21.0,21.0
claude_simple,5_7,0.2984745896009823,"[0.4444444444444444, 0.375, 0.2857142857142857, 0.16666666666666666]",1.0,1.2857142857142858,9.0,7.0
claude_simple,5_8,0.0,"[0.46153846153846156, 0.12, 0.041666666666666664, 0.0]",0.925961078642316,0.9285714285714286,26.0,28.0
claude_simple,5_9,0.0,"[0.2857142857142857, 0.05, 0.0, 0.0]",0.8265654376242381,0.84,21.0,25.0
claude_simple,5_10,0.5081327481546147,"[0.6666666666666666, 0.6, 0.5, 0.3333333333333333]",1.0,1.0,6.0,6.0
claude_simple,5_11,0.0,"[0.1, 0.0, 0.0, 0.0]",0.8607079764250577,0.8695652173913043,20.0,23.0
claude_simple,5_12,0.0,"[0.3, 0.05263157894736842, 0.0, 0.0]",0.8607079764250577,0.8695652173913043,20.0,23.0
claude_simple,5_13,0.0,"[0.3333333333333333, 0.15, 0.05263157894736842, 0.0]",1.0,1.1666666666666667,21.0,18.0
claude_simple,5_14,0.0,"[0.391304347826087, 0.0, 0.0, 0.0]",0.8777137332821822,0.8846153846153846,23.0,26.0
claude_simple,6_0,0.001977370757956093,"[0.9583333333333334, 0.5652173913043478, 0.36363636363636365, 0.14285714285714285]",0.004827949993831437,0.15789473684210525,24.0,152.0
claude_simple,6_1,0.0,"[0.0, 0.0, 0.0, 0.0]",1.0,1.0,1.0,1.0
claude_simple,6_2,0.0,"[0.65, 0.2631578947368421, 0.05555555555555555, 0.0]",0.951229424500714,0.9523809523809523,20.0,21.0
claude_simple,6_3,0.0,"[0.3125, 0.13333333333333333, 0.0, 0.0]",0.7316156289466418,0.7619047619047619,16.0,21.0
claude_simple,6_4,0.0,"[0.5454545454545454, 0.2, 0.0, 0.0]",0.7613003866968737,0.7857142857142857,11.0,14.0
claude_simple,6_5,0.0,"[0.4166666666666667, 0.18181818181818182, 0.1, 0.0]",0.6592406302004439,0.7058823529411765,12.0,17.0
claude_simple,6_6,0.5169731539571706,"[0.625, 0.5714285714285714, 0.5, 0.4]",1.0,1.1428571428571428,8.0,7.0
claude_simple,6_7,0.0,"[0.46153846153846156, 0.25, 0.09090909090909091, 0.0]",0.5404329964865341,0.6190476190476191,13.0,21.0
claude_simple,6_8,0.0,"[0.6666666666666666, 0.4, 0.0, 0.0]",0.846481724890614,0.8571428571428571,6.0,7.0
claude_simple,6_9,0.0,"[0.7142857142857143, 0.5, 0.2, 0.0]",0.8668778997501817,0.875,7.0,8.0
claude_simple,6_10,0.0,"[0.3333333333333333, 0.0, 0.0, 0.0]",0.5866462195100318,0.6521739130434783,15.0,23.0
claude_simple,6_11,0.0,"[0.2631578947368421, 0.1111111111111111, 0.058823529411764705, 0.0]",1.0,1.0,19.0,19.0
claude_simple,6_12,0.0,"[0.6428571428571429, 0.23076923076923078, 0.08333333333333333, 0.0]",0.8071177470053892,0.8235294117647058,14.0,17.0
claude_simple,6_13,0.3155984539112945,"[0.5555555555555556, 0.375, 0.2857142857142857, 0.16666666666666666]",1.0,1.2857142857142858,9.0,7.0
claude_simple,6_14,0.0,"[0.25, 0.13333333333333333, 0.07142857142857142, 0.0]",0.7316156289466418,0.7619047619047619,16.0,21.0
claude_simple,7_0,0.0794192043542491,"[0.9117647058823529, 0.40298507462686567, 0.19696969696969696, 0.07692307692307693]",0.2907492353099861,0.4473684210526316,68.0,152.0
claude_simple,7_1,0.0,"[0.2857142857142857, 0.16666666666666666, 0.0, 0.0]",1.0,1.1666666666666667,7.0,6.0
claude_simple,7_2,0.0,"[0.34615384615384615, 0.16, 0.041666666666666664, 0.0]",0.9622687143632572,0.9629629629629629,26.0,27.0
claude_simple,7_3,0.0,"[0.2, 0.0, 0.0, 0.0]",0.6703200460356393,0.7142857142857143,5.0,7.0
claude_simple,7_4,0.0,"[0.45, 0.21052631578947367, 0.1111111111111111, 0.0]",0.9048374180359595,0.9090909090909091,20.0,22.0
claude_simple,7_5,0.0,"[0.5, 0.2, 0.0, 0.0]",0.846481724890614,0.8571428571428571,6.0,7.0
claude_simple,7_6,0.5873949094699213,"[0.6666666666666666, 0.625, 0.5714285714285714, 0.5]",1.0,1.125,9.0,8.0
claude_simple,7_7,0.0,"[0.4, 0.0, 0.0, 0.0]",0.8187307530779819,0.8333333333333334,5.0,6.0
claude_simple,7_8,0.0,"[0.42857142857142855, 0.1, 0.0, 0.0]",1.0,1.0,21.0,21.0
claude_simple,7_9,0.0,"[0.3333333333333333, 0.2, 0.0, 0.0]",0.846481724890614,0.8571428571428571,6.0,7.0
claude_simple,7_10,0.0,"[0.0, 0.0, 0.0, 0.0]",0.846481724890614,0.8571428571428571,6.0,7.0
claude_simple,7_11,0.0,"[0.0, 0.0, 0.0, 0.0]",0.846481724890614,0.8571428571428571,6.0,7.0
claude_simple,7_12,0.10917972766929775,"[0.38095238095238093, 0.2, 0.10526315789473684, 0.05555555555555555]",0.751477293075286,0.7777777777777778,21.0,27.0
claude_simple,7_13,0.0,"[0.23529411764705882, 0.0, 0.0, 0.0]",0.9428731438548749,0.9444444444444444,17.0,18.0
claude_simple,8_0,0.04834055044653259,"[0.9285714285714286, 0.4, 0.18518518518518517, 0.07547169811320754]",0.18009231214795235,0.3684210526315789,56.0,152.0
claude_simple,8_1,0.0,"[0.3333333333333333, 0.125, 0.0, 0.0]",1.0,1.5,9.0,6.0
claude_simple,8_2,0.26622044491524727,"[0.4583333333333333, 0.34782608695652173, 0.2727272727272727, 0.19047619047619047]",0.8824969025845955,0.8888888888888888,24.0,27.0
claude_simple,8_3,0.15107799178100703,"[0.5714285714285714, 0.2962962962962963, 0.07692307692307693, 0.04]",1.0,1.0,28.0,28.0
claude_simple,8_4,0.0,"[0.35, 0.10526315789473684, 0.0, 0.0]",0.8607079764250577,0.8695652173913043,20.0,23.0
claude_simple,8_5,0.0,"[0.0, 0.0, 0.0, 0.0]",6.914400106940203e-13,0.034482758620689655,1.0,29.0
claude_simple,8_6,0.0,"[0.3125, 0.06666666666666667, 0.0, 0.0]",0.6872892787909722,0.7272727272727273,16.0,22.0
claude_simple,8_7,0.0,"[0.19047619047619047, 0.05, 0.0, 0.0]",0.9534969548334766,0.9545454545454546,21.0,22.0
claude_simple,8_8,0.2636664715093213,"[0.5909090909090909, 0.42857142857142855, 0.3, 0.15789473684210525]",0.7967034698934615,0.8148148148148148,22.0,27.0
claude_simple,8_9,0.0,"[0.4090909090909091, 0.14285714285714285, 0.0, 0.0]",1.0,1.0,22.0,22.0
claude_simple,8_10,0.0,"[0.3157894736842105, 0.05555555555555555, 0.0, 0.0]",0.7686205265937356,0.7916666666666666,19.0,24.0
claude_simple,8_11,0.0,"[0.2857142857142857, 0.14814814814814814, 0.0, 0.0]",1.0,1.2727272727272727,28.0,22.0
claude_simple,8_12,0.0,"[0.5, 0.2857142857142857, 0.0, 0.0]",0.6872892787909722,0.7272727272727273,8.0,11.0
claude_simple,8_13,0.6803749333171202,"[0.75, 0.7142857142857143, 0.6666666666666666, 0.6]",1.0,1.0,8.0,8.0
claude_simple,9_0,0.013555990941477173,"[0.9722222222222222, 0.42857142857142855, 0.2647058823529412, 0.12121212121212122]",0.039866367823724935,0.23684210526315788,36.0,152.0
claude_simple,9_1,0.44632361378533286,"[0.5555555555555556, 0.5, 0.42857142857142855, 0.3333333333333333]",1.0,1.2857142857142858,9.0,7.0
claude_simple,9_2,0.0,"[0.4230769230769231, 0.12, 0.0, 0.0]",1.0,1.1304347826086956,26.0,23.0
claude_simple,9_3,0.345720784641941,"[0.5, 0.42857142857142855, 0.3333333333333333, 0.2]",1.0,1.1428571428571428,8.0,7.0
claude_simple,9_4,0.0,"[0.4444444444444444, 0.25, 0.0, 0.0]",1.0,1.2857142857142858,9.0,7.0
claude_simple,9_5,0.0,"[0.25, 0.0, 0.0, 0.0]",1.0,1.1428571428571428,8.0,7.0
claude_simple,9_6,0.44632361378533286,"[0.5555555555555556, 0.5, 0.42857142857142855, 0.3333333333333333]",1.0,1.2857142857142858,9.0,7.0
claude_simple,9_7,0.5873949094699213,"[0.6666666666666666, 0.625, 0.5714285714285714, 0.5]",1.0,1.2857142857142858,9.0,7.0
claude_simple,9_8,0.43012508513132625,"[0.6666666666666666, 0.6, 0.5, 0.3333333333333333]",0.846481724890614,0.8571428571428571,6.0,7.0
claude_simple,9_9,0.0,"[0.47619047619047616, 0.1, 0.0, 0.0]",0.788127627745311,0.8076923076923077,21.0,26.0
claude_simple,9_10,0.0,"[0.08333333333333333, 0.0, 0.0, 0.0]",0.6065306597126334,0.6666666666666666,12.0,18.0
claude_simple,9_11,0.5169731539571706,"[0.625, 0.5714285714285714, 0.5, 0.4]",1.0,1.3333333333333333,8.0,6.0
claude_simple,9_12,0.0,"[0.47368421052631576, 0.1111111111111111, 0.058823529411764705, 0.0]",0.6563555554708402,0.7037037037037037,19.0,27.0
claude_simple,9_13,0.0,"[0.3333333333333333, 0.25, 0.14285714285714285, 0.0]",1.0,1.5,9.0,6.0
claude_simple,10_0,0.08386377671874025,"[0.8888888888888888, 0.352112676056338, 0.18571428571428572, 0.07246376811594203]",0.32919298780790557,0.47368421052631576,72.0,152.0
claude_simple,10_1,0.5081327481546147,"[0.6666666666666666, 0.6, 0.5, 0.3333333333333333]",1.0,1.0,6.0,6.0
claude_simple,10_2,0.0,"[0.17857142857142858, 0.037037037037037035, 0.0, 0.0]",0.9310627797040228,0.9333333333333333,28.0,30.0
claude_simple,10_3,0.5081327481546147,"[0.6666666666666666, 0.6, 0.5, 0.3333333333333333]",1.0,1.0,6.0,6.0
claude_simple,10_4,0.15736937921428037,"[0.6190476190476191, 0.3, 0.10526315789473684, 0.05555555555555555]",0.8668778997501817,0.875,21.0,24.0
claude_simple,10_5,0.0,"[0.5, 0.3333333333333333, 0.0, 0.0]",0.6065306597126334,0.6666666666666666,4.0,6.0
claude_simple,10_6,0.0,"[0.36363636363636365, 0.14285714285714285, 0.0, 0.0]",0.7967034698934615,0.8148148148148148,22.0,27.0
claude_simple,10_7,0.0,"[0.15384615384615385, 0.0, 0.0, 0.0]",0.50041992036057,0.5909090909090909,13.0,22.0
claude_simple,10_8,0.0,"[0.4, 0.25, 0.0, 0.0]",0.8187307530779819,0.8333333333333334,5.0,6.0
claude_simple,10_9,0.0,"[0.2, 0.0, 0.0, 0.0]",1.0,1.6666666666666667,10.0,6.0
claude_simple,10_10,0.0,"[0.4117647058823529, 0.125, 0.06666666666666667, 0.0]",0.7026185226629954,0.7391304347826086,17.0,23.0
claude_simple,10_11,0.5081327481546147,"[0.6666666666666666, 0.6, 0.5, 0.3333333333333333]",1.0,1.0,6.0,6.0
claude_simple,10_12,0.0,"[0.35714285714285715, 0.0, 0.0, 0.0]",0.6065306597126334,0.6666666666666666,14.0,21.0
claude_simple,10_13,0.0,"[0.7272727272727273, 0.4, 0.1111111111111111, 0.0]",0.40289032152913307,0.5238095238095238,11.0,21.0
claude_simple,11_0,0.15718556761017827,"[0.9285714285714286, 0.5797101449275363, 0.4117647058823529, 0.29850746268656714]",0.30992387647102443,0.4605263157894737,70.0,152.0
claude_simple,11_1,0.0,"[0.6666666666666666, 0.4, 0.0, 0.0]",1.0,1.0,6.0,6.0
claude_simple,11_2,0.7598356856515925,"[0.8333333333333334, 0.8, 0.75, 0.6666666666666666]",1.0,1.0,6.0,6.0
claude_simple,11_3,0.0,"[0.46153846153846156, 0.16666666666666666, 0.0, 0.0]",0.5404329964865341,0.6190476190476191,13.0,21.0
claude_simple,11_4,0.0,"[0.5, 0.2857142857142857, 0.0, 0.0]",1.0,1.3333333333333333,8.0,6.0
claude_simple,11_5,0.0,"[0.23076923076923078, 0.0, 0.0, 0.0]",0.50041992036057,0.5909090909090909,13.0,22.0
claude_simple,11_6,0.345720784641941,"[0.5, 0.42857142857142855, 0.3333333333333333, 0.2]",1.0,1.3333333333333333,8.0,6.0
claude_simple,11_7,0.0,"[0.25, 0.0, 0.0, 0.0]",1.0,1.3333333333333333,8.0,6.0
claude_simple,11_8,0.0,"[0.375, 0.14285714285714285, 0.0, 0.0]",1.0,1.1428571428571428,8.0,7.0
claude_simple,11_9,0.41113361690051975,"[0.5714285714285714, 0.5, 0.4, 0.25]",1.0,1.0,7.0,7.0
claude_simple,11_10,0.0,"[0.375, 0.14285714285714285, 0.0, 0.0]",1.0,1.3333333333333333,8.0,6.0
claude_simple,11_11,0.0,"[0.375, 0.06666666666666667, 0.0, 0.0]",0.6065306597126334,0.6666666666666666,16.0,24.0
claude_simple,11_12,0.0,"[0.5714285714285714, 0.3333333333333333, 0.2, 0.0]",1.0,1.0,7.0,7.0
claude_simple,11_13,0.1472821272412462,"[0.20833333333333334, 0.17391304347826086, 0.13636363636363635, 0.09523809523809523]",1.0,3.4285714285714284,24.0,7.0
claude_simple,12_0,0.03264274996905828,"[0.9019607843137255, 0.34, 0.16326530612244897, 0.0625]",0.13801510312718693,0.3355263157894737,51.0,152.0
claude_simple,12_1,0.0,"[0.4, 0.14285714285714285, 0.0, 0.0]",0.4493289641172217,0.5555555555555556,15.0,27.0
claude_simple,12_2,0.0,"[0.4, 0.1111111111111111, 0.0, 0.0]",0.36787944117144233,0.5,10.0,20.0
claude_simple,12_3,0.6147881529512643,"[0.7142857142857143, 0.6666666666666666, 0.6, 0.5]",1.0,1.1666666666666667,7.0,6.0
claude_simple,12_4,0.0,"[0.25, 0.0, 0.0, 0.0]",1.0,1.6,8.0,5.0
claude_simple,12_5,0.0,"[0.5714285714285714, 0.3333333333333333, 0.2, 0.0]",1.0,1.1666666666666667,7.0,6.0
claude_simple,12_6,0.11020790523837175,"[0.34615384615384615, 0.16, 0.08333333333333333, 0.043478260869565216]",0.925961078642316,0.9285714285714286,26.0,28.0
claude_simple,12_7,0.0,"[0.2857142857142857, 0.0, 0.0, 0.0]",0.7165313105737893,0.75,21.0,28.0
claude_simple,12_8,0.0,"[0.5555555555555556, 0.17647058823529413, 0.0, 0.0]",0.7165313105737893,0.75,18.0,24.0
claude_simple,12_9,0.0,"[0.25, 0.0, 0.0, 0.0]",0.6872892787909722,0.7272727272727273,16.0,22.0
claude_simple,12_10,0.2984745896009823,"[0.4444444444444444, 0.375, 0.2857142857142857, 0.16666666666666666]",1.0,1.2857142857142858,9.0,7.0
claude_simple,12_11,0.0,"[0.25, 0.0, 0.0, 0.0]",1.0,1.1428571428571428,8.0,7.0
claude_simple,12_12,0.0,"[0.25, 0.09090909090909091, 0.0, 0.0]",0.33846542510674216,0.48,12.0,25.0
claude_simple,12_13,0.1299407635847953,"[0.4090909090909091, 0.19047619047619047, 0.1, 0.05263157894736842]",0.9131007162822622,0.9166666666666666,22.0,24.0
claude_simple,13_0,0.02018745288261762,"[0.925, 0.46153846153846156, 0.2631578947368421, 0.10810810810810811]",0.06081006262521795,0.2631578947368421,40.0,152.0
claude_simple,13_1,0.0,"[0.6, 0.25, 0.0, 0.0]",0.6703200460356393,0.7142857142857143,5.0,7.0
claude_simple,13_2,0.0,"[0.2857142857142857, 0.0, 0.0, 0.0]",0.8668778997501817,0.875,7.0,8.0
claude_simple,13_3,0.0,"[0.22727272727272727, 0.09523809523809523, 0.0, 0.0]",0.8725252928694237,0.88,22.0,25.0
claude_simple,13_4,0.0,"[0.375, 0.14285714285714285, 0.0, 0.0]",1.0,1.1428571428571428,8.0,7.0
claude_simple,13_5,0.0,"[0.36363636363636365, 0.047619047619047616, 0.0, 0.0]",0.9131007162822622,0.9166666666666666,22.0,24.0
claude_simple,13_6,0.0,"[0.5263157894736842, 0.16666666666666666, 0.0, 0.0]",0.9487294800164372,0.95,19.0,20.0
claude_simple,13_7,0.0,"[0.42857142857142855, 0.16666666666666666, 0.0, 0.0]",1.0,1.0,7.0,7.0
claude_simple,13_8,0.0,"[0.42857142857142855, 0.16666666666666666, 0.0, 0.0]",0.8668778997501817,0.875,7.0,8.0
claude_simple,13_9,0.0,"[0.42105263157894735, 0.16666666666666666, 0.058823529411764705, 0.0]",0.729212952525235,0.76,19.0,25.0
claude_simple,13_10,0.1365654795982078,"[0.5757575757575758, 0.21875, 0.0967741935483871, 0.06666666666666667]",0.8088666471820897,0.825,33.0,40.0
claude_simple,13_11,0.17140491696035876,"[0.47619047619047616, 0.25, 0.15789473684210525, 0.05555555555555555]",0.9534969548334766,0.9545454545454546,21.0,22.0
claude_simple,13_12,0.021956477576020074,"[0.45, 0.15789473684210525, 0.1111111111111111, 0.058823529411764705]",0.14956861922263506,0.3448275862068966,20.0,58.0
claude_simple,13_13,0.0,"[0.36363636363636365, 0.1, 0.0, 0.0]",1.0,1.1,11.0,10.0
claude_simple,14_0,0.005245721708353047,"[0.9642857142857143, 0.6296296296296297, 0.38461538461538464, 0.16]",0.011931522535756143,0.18421052631578946,28.0,152.0
claude_simple,14_1,0.41113361690051975,"[0.5714285714285714, 0.5, 0.4, 0.25]",1.0,1.0,7.0,7.0
claude_simple,14_2,0.0,"[0.4375, 0.12903225806451613, 0.03333333333333333, 0.0]",1.0,1.0666666666666667,32.0,30.0
claude_simple,14_3,0.0,"[0.3157894736842105, 0.1111111111111111, 0.0, 0.0]",0.9000876262522594,0.9047619047619048,19.0,21.0
claude_simple,14_4,0.41113361690051975,"[0.5714285714285714, 0.5, 0.4, 0.25]",1.0,1.1666666666666667,7.0,6.0
claude_simple,14_5,0.5081327481546147,"[0.6666666666666666, 0.6, 0.5, 0.3333333333333333]",1.0,1.0,6.0,6.0
claude_simple,14_6,0.0,"[0.2, 0.0, 0.0, 0.0]",0.6703200460356393,0.7142857142857143,5.0,7.0
claude_simple,14_7,0.0,"[0.36363636363636365, 0.09523809523809523, 0.0, 0.0]",0.5538235798307586,0.6285714285714286,22.0,35.0
claude_simple,14_8,0.0,"[0.5, 0.15384615384615385, 0.0, 0.0]",0.5647181220077593,0.6363636363636364,14.0,22.0
claude_simple,14_9,0.0,"[0.47368421052631576, 0.16666666666666666, 0.0, 0.0]",0.8101577349324267,0.8260869565217391,19.0,23.0
claude_simple,14_10,0.0,"[0.375, 0.14285714285714285, 0.0, 0.0]",1.0,1.3333333333333333,8.0,6.0
claude_simple,14_11,0.0,"[0.5, 0.12, 0.0, 0.0]",0.9622687143632572,0.9629629629629629,26.0,27.0
claude_simple,14_12,0.0,"[0.42857142857142855, 0.16666666666666666, 0.0, 0.0]",1.0,1.1666666666666667,7.0,6.0
claude_simple,14_13,0.0,"[0.2857142857142857, 0.0, 0.0, 0.0]",1.0,1.1666666666666667,7.0,6.0
claude_simple,15_0,0.06731582381769916,"[0.9206349206349206, 0.3870967741935484, 0.19672131147540983, 0.08333333333333333]",0.24348537187522873,0.4144736842105263,63.0,152.0
claude_simple,15_1,0.0,"[0.23076923076923078, 0.08, 0.041666666666666664, 0.0]",0.825052966980536,0.8387096774193549,26.0,31.0
claude_simple,15_2,0.5081327481546147,"[0.6666666666666666, 0.6, 0.5, 0.3333333333333333]",1.0,1.0,6.0,6.0
claude_simple,15_3,0.0,"[0.375, 0.0, 0.0, 0.0]",1.0,1.3333333333333333,8.0,6.0
claude_simple,15_4,0.0,"[0.6, 0.5, 0.3333333333333333, 0.0]",0.8187307530779819,0.8333333333333334,5.0,6.0
claude_simple,15_5,0.0,"[0.375, 0.14285714285714285, 0.0, 0.0]",1.0,1.1428571428571428,8.0,7.0
claude_simple,15_6,0.0,"[0.5714285714285714, 0.1, 0.0, 0.0]",0.6832104226749482,0.7241379310344828,21.0,29.0
claude_simple,15_7,0.0,"[0.42857142857142855, 0.16666666666666666, 0.0, 0.0]",1.0,1.1666666666666667,7.0,6.0
claude_simple,15_8,0.0,"[0.09090909090909091, 0.0, 0.0, 0.0]",0.9555630362682843,0.9565217391304348,22.0,23.0
claude_simple,15_9,0.345720784641941,"[0.5, 0.42857142857142855, 0.3333333333333333, 0.2]",1.0,1.3333333333333333,8.0,6.0
claude_simple,15_10,0.0,"[0.5, 0.4, 0.25, 0.0]",1.0,1.0,6.0,6.0
claude_simple,15_11,0.5475182535069453,"[0.8, 0.75, 0.6666666666666666, 0.5]",0.8187307530779819,0.8333333333333334,5.0,6.0
claude_simple,15_12,0.0,"[0.6, 0.25, 0.0, 0.0]",0.8187307530779819,0.8333333333333334,5.0,6.0
claude_simple,15_13,0.0,"[0.4, 0.16666666666666666, 0.043478260869565216, 0.0]",0.8869204367171576,0.8928571428571429,25.0,28.0
claude_simple,16_0,0.05270873461839829,"[0.875, 0.4, 0.2222222222222222, 0.09433962264150944]",0.18009231214795235,0.3684210526315789,56.0,152.0
claude_simple,16_1,0.0,"[0.4, 0.041666666666666664, 0.0, 0.0]",0.7557837414557255,0.78125,25.0,32.0
claude_simple,16_2,0.0,"[0.25, 0.0, 0.0, 0.0]",0.558035145770047,0.631578947368421,12.0,19.0
claude_simple,16_3,0.0,"[0.2, 0.0, 0.0, 0.0]",0.6703200460356393,0.7142857142857143,15.0,21.0
claude_simple,16_4,0.6147881529512643,"[0.7142857142857143, 0.6666666666666666, 0.6, 0.5]",1.0,1.0,7.0,7.0
claude_simple,16_5,0.6803749333171202,"[0.75, 0.7142857142857143, 0.6666666666666666, 0.6]",1.0,1.0,8.0,8.0
claude_simple,16_6,0.6147881529512643,"[0.7142857142857143, 0.6666666666666666, 0.6, 0.5]",1.0,1.0,7.0,7.0
claude_simple,16_7,0.5081327481546147,"[0.6666666666666666, 0.6, 0.5, 0.3333333333333333]",1.0,1.0,6.0,6.0
claude_simple,16_8,0.0,"[0.13333333333333333, 0.07142857142857142, 0.0, 0.0]",0.8751733190429475,0.8823529411764706,15.0,17.0
claude_simple,16_9,0.44632361378533286,"[0.5555555555555556, 0.5, 0.42857142857142855, 0.3333333333333333]",1.0,1.2857142857142858,9.0,7.0
claude_simple,16_10,0.0,"[0.16666666666666666, 0.0, 0.0, 0.0]",0.846481724890614,0.8571428571428571,6.0,7.0
claude_simple,16_11,0.0,"[0.0, 0.0, 0.0, 0.0]",0.4723665527410147,0.5714285714285714,4.0,7.0
claude_simple,16_12,0.10281679137204142,"[0.45454545454545453, 0.23809523809523808, 0.15, 0.10526315789473684]",0.5056967074374725,0.5945945945945946,22.0,37.0
claude_simple,16_13,0.0,"[0.06666666666666667, 0.0, 0.0, 0.0]",1.0,4.285714285714286,30.0,7.0
claude_simple,17_0,0.0723647729350537,"[0.873015873015873, 0.41935483870967744, 0.21311475409836064, 0.1]",0.24348537187522873,0.4144736842105263,63.0,152.0
claude_simple,17_1,0.32702929224554894,"[0.3888888888888889, 0.35294117647058826, 0.3125, 0.26666666666666666]",1.0,2.25,18.0,8.0
claude_simple,17_2,0.0,"[0.25, 0.10526315789473684, 0.05555555555555555, 0.0]",0.9048374180359595,0.9090909090909091,20.0,22.0
claude_simple,17_3,0.0,"[0.375, 0.2, 0.07142857142857142, 0.0]",0.8290291181804004,0.8421052631578947,16.0,19.0
claude_simple,17_4,0.0,"[0.5, 0.2857142857142857, 0.0, 0.0]",1.0,1.1428571428571428,8.0,7.0
claude_simple,17_5,0.0,"[0.3888888888888889, 0.058823529411764705, 0.0, 0.0]",0.6411803884299546,0.6923076923076923,18.0,26.0
claude_simple,17_6,0.0,"[0.16666666666666666, 0.0, 0.0, 0.0]",0.846481724890614,0.8571428571428571,6.0,7.0
claude_simple,17_7,0.0,"[0.4375, 0.13333333333333333, 0.0, 0.0]",0.7788007830714049,0.8,16.0,20.0
claude_simple,17_8,0.0,"[0.3333333333333333, 0.0, 0.0, 0.0]",0.513417119032592,0.6,9.0,15.0
claude_simple,17_9,0.0,"[0.5217391304347826, 0.18181818181818182, 0.047619047619047616, 0.0]",1.0,1.0,23.0,23.0
claude_simple,17_10,0.8091067115702212,"[0.8571428571428571, 0.8333333333333334, 0.8, 0.75]",1.0,1.0,7.0,7.0
claude_simple,17_11,0.0,"[0.0, 0.0, 0.0, 0.0]",0.4723665527410147,0.5714285714285714,4.0,7.0
claude_simple,17_12,0.0,"[0.38461538461538464, 0.08333333333333333, 0.0, 0.0]",0.5836454781435741,0.65,13.0,20.0
claude_simple,17_13,0.0,"[0.23529411764705882, 0.0, 0.0, 0.0]",0.8890097654027757,0.8947368421052632,17.0,19.0
claude_simple,18_0,0.004653321086036012,"[0.9310344827586207, 0.39285714285714285, 0.25925925925925924, 0.11538461538461539]",0.014387733001540354,0.19078947368421054,29.0,152.0
claude_simple,18_1,0.345720784641941,"[0.5, 0.42857142857142855, 0.3333333333333333, 0.2]",1.0,1.3333333333333333,8.0,6.0
claude_simple,18_2,0.5873949094699213,"[0.6666666666666666, 0.625, 0.5714285714285714, 0.5]",1.0,1.2857142857142858,9.0,7.0
claude_simple,18_3,0.0,"[0.5714285714285714, 0.3333333333333333, 0.0, 0.0]",1.0,1.0,7.0,7.0
claude_simple,18_4,0.15586741964567605,"[0.52, 0.25, 0.13043478260869565, 0.09090909090909091]",0.7866278610665535,0.8064516129032258,25.0,31.0
claude_simple,18_5,0.7598356856515925,"[0.8333333333333334, 0.8, 0.75, 0.6666666666666666]",1.0,1.0,6.0,6.0
claude_simple,18_6,0.345720784641941,"[0.5, 0.42857142857142855, 0.3333333333333333, 0.2]",1.0,1.3333333333333333,8.0,6.0
claude_simple,18_7,0.0,"[0.3548387096774194, 0.1, 0.0, 0.0]",1.0,1.0689655172413792,31.0,29.0
claude_simple,18_8,0.0,"[0.14814814814814814, 0.0, 0.0, 0.0]",0.7716229467154109,0.7941176470588235,27.0,34.0
claude_simple,18_9,0.41113361690051975,"[0.5714285714285714, 0.5, 0.4, 0.25]",1.0,1.1666666666666667,7.0,6.0
claude_simple,18_10,0.0,"[0.391304347826087, 0.09090909090909091, 0.047619047619047616, 0.0]",0.9574533680683809,0.9583333333333334,23.0,24.0
claude_simple,18_11,0.0,"[0.3125, 0.13333333333333333, 0.0, 0.0]",0.5352614285189903,0.6153846153846154,16.0,26.0
claude_simple,18_12,0.0,"[0.29411764705882354, 0.0, 0.0, 0.0]",0.8890097654027757,0.8947368421052632,17.0,19.0
claude_simple,18_13,0.0,"[0.17647058823529413, 0.0, 0.0, 0.0]",0.7903383629814982,0.8095238095238095,17.0,21.0
claude_simple,19_0,0.07086859809661356,"[0.9, 0.4745762711864407, 0.25862068965517243, 0.10526315789473684]",0.2158150833986898,0.39473684210526316,60.0,152.0
claude_simple,19_1,0.5169731539571706,"[0.625, 0.5714285714285714, 0.5, 0.4]",1.0,1.3333333333333333,8.0,6.0
claude_simple,19_2,0.0,"[0.3333333333333333, 0.0, 0.0, 0.0]",0.36787944117144233,0.5,3.0,6.0
claude_simple,19_3,0.5169731539571706,"[0.625, 0.5714285714285714, 0.5, 0.4]",1.0,1.3333333333333333,8.0,6.0
claude_simple,19_4,0.0,"[0.3333333333333333, 0.2, 0.0, 0.0]",0.846481724890614,0.8571428571428571,6.0,7.0
claude_simple,19_5,0.7598356856515925,"[0.8333333333333334, 0.8, 0.75, 0.6666666666666666]",1.0,1.0,6.0,6.0
claude_simple,19_6,0.14615051700655327,"[0.4827586206896552, 0.25, 0.14814814814814814, 0.07692307692307693]",0.7589176018322887,0.7837837837837838,29.0,37.0
claude_simple,19_7,0.0,"[0.34782608695652173, 0.18181818181818182, 0.047619047619047616, 0.0]",0.8777137332821822,0.8846153846153846,23.0,26.0
claude_simple,19_8,0.0,"[0.15384615384615385, 0.0, 0.0, 0.0]",0.5404329964865341,0.6190476190476191,13.0,21.0
claude_simple,19_9,0.7598356856515925,"[0.8333333333333334, 0.8, 0.75, 0.6666666666666666]",1.0,1.0,6.0,6.0
claude_simple,19_10,0.5169731539571706,"[0.625, 0.5714285714285714, 0.5, 0.4]",1.0,1.3333333333333333,8.0,6.0
claude_simple,19_11,0.0,"[0.25925925925925924, 0.038461538461538464, 0.0, 0.0]",0.8623033568332588,0.8709677419354839,27.0,31.0
claude_simple,19_12,0.0,"[0.125, 0.0, 0.0, 0.0]",1.0,1.3333333333333333,8.0,6.0
claude_simple,19_13,0.0,"[0.11627906976744186, 0.0, 0.0, 0.0]",1.0,2.15,43.0,20.0
claude_simple,20_0,0.2008563159302678,"[0.41916167664670656, 0.2289156626506024, 0.16363636363636364, 0.10365853658536585]",1.0,1.0986842105263157,167.0,152.0
claude_simple,20_1,0.0,"[0.42857142857142855, 0.16666666666666666, 0.0, 0.0]",1.0,1.1666666666666667,7.0,6.0
claude_simple,20_2,0.0,"[0.3333333333333333, 0.0, 0.0, 0.0]",1.0,1.0,6.0,6.0
claude_simple,20_3,0.6147881529512643,"[0.7142857142857143, 0.6666666666666666, 0.6, 0.5]",1.0,1.0,7.0,7.0
claude_simple,20_4,0.0,"[0.5, 0.2, 0.0, 0.0]",1.0,1.0,6.0,6.0
claude_simple,20_5,0.0,"[0.26666666666666666, 0.0, 0.0, 0.0]",0.513417119032592,0.6,15.0,25.0
claude_simple,20_6,0.0,"[0.38461538461538464, 0.0, 0.0, 0.0]",0.6303131865967199,0.6842105263157895,13.0,19.0
claude_simple,20_7,0.0,"[0.125, 0.0, 0.0, 0.0]",1.0,1.1428571428571428,8.0,7.0
claude_simple,20_8,0.0,"[0.5, 0.4, 0.25, 0.0]",0.846481724890614,0.8571428571428571,6.0,7.0
claude_simple,20_9,0.2311085476125148,"[0.5789473684210527, 0.3888888888888889, 0.23529411764705882, 0.125]",0.8101577349324267,0.8260869565217391,19.0,23.0
claude_simple,20_10,0.0,"[0.38095238095238093, 0.15, 0.0, 0.0]",0.9534969548334766,0.9545454545454546,21.0,22.0
claude_simple,20_11,0.5169731539571706,"[0.625, 0.5714285714285714, 0.5, 0.4]",1.0,1.1428571428571428,8.0,7.0
claude_simple,20_12,0.0,"[0.14285714285714285, 0.0, 0.0, 0.0]",1.0,1.1666666666666667,7.0,6.0
claude_simple,20_13,0.0,"[0.19444444444444445, 0.05714285714285714, 0.029411764705882353, 0.0]",1.0,1.6363636363636365,36.0,22.0
KerasOCR,1_0,0.0,"[0.022988505747126436, 0.0, 0.0, 0.0]",0.47372588001362376,0.5723684210526315,87.0,152.0
KerasOCR,1_1,0.0,"[0.0, 0.0, 0.0, 0.0]",0.846481724890614,0.8571428571428571,6.0,7.0
KerasOCR,1_2,0.0,"[0.0, 0.0, 0.0, 0.0]",0.846481724890614,0.8571428571428571,6.0,7.0
KerasOCR,1_3,0.0,"[0.0, 0.0, 0.0, 0.0]",0.7046880897187133,0.7407407407407407,20.0,27.0
KerasOCR,1_4,0.0,"[0.08333333333333333, 0.0, 0.0, 0.0]",0.6065306597126334,0.6666666666666666,12.0,18.0
KerasOCR,1_5,0.0,"[0.0, 0.0, 0.0, 0.0]",0.6065306597126334,0.6666666666666666,4.0,6.0
KerasOCR,1_6,0.0,"[0.0, 0.0, 0.0, 0.0]",0.846481724890614,0.8571428571428571,6.0,7.0
KerasOCR,1_7,0.0,"[0.0, 0.0, 0.0, 0.0]",0.846481724890614,0.8571428571428571,6.0,7.0
KerasOCR,1_8,0.0,"[0.0, 0.0, 0.0, 0.0]",1.0,1.0,7.0,7.0
KerasOCR,1_9,0.0,"[0.0, 0.0, 0.0, 0.0]",0.788127627745311,0.8076923076923077,21.0,26.0
KerasOCR,1_10,0.0,"[0.0, 0.0, 0.0, 0.0]",0.6996725373751302,0.7368421052631579,14.0,19.0
KerasOCR,1_11,0.0,"[0.05555555555555555, 0.0, 0.0, 0.0]",0.8007374029168082,0.8181818181818182,18.0,22.0
KerasOCR,1_12,0.0,"[0.0, 0.0, 0.0, 0.0]",1.0,1.1666666666666667,7.0,6.0
KerasOCR,1_13,0.0,"[0.030303030303030304, 0.0, 0.0, 0.0]",1.0,1.1785714285714286,33.0,28.0
KerasOCR,2_0,0.0,"[0.024096385542168676, 0.0, 0.0, 0.0]",0.43547177245145685,0.5460526315789473,83.0,152.0
KerasOCR,2_1,0.0,,,,,
KerasOCR,2_2,0.0,"[0.0, 0.0, 0.0, 0.0]",0.8046150583253528,0.8214285714285714,23.0,28.0
KerasOCR,2_3,0.0,"[0.0, 0.0, 0.0, 0.0]",0.645648526427892,0.6956521739130435,16.0,23.0
KerasOCR,2_4,0.0,"[0.11764705882352941, 0.0, 0.0, 0.0]",0.8382234324229999,0.85,17.0,20.0
KerasOCR,2_5,0.0,"[0.0, 0.0, 0.0, 0.0]",0.8187307530779819,0.8333333333333334,5.0,6.0
KerasOCR,2_6,0.0,"[0.0, 0.0, 0.0, 0.0]",0.7686205265937356,0.7916666666666666,19.0,24.0
KerasOCR,2_7,0.0,"[0.07142857142857142, 0.0, 0.0, 0.0]",0.6514390575310556,0.7,14.0,20.0
KerasOCR,2_8,0.0,"[0.05555555555555555, 0.0, 0.0, 0.0]",0.7165313105737893,0.75,18.0,24.0
KerasOCR,2_9,0.0,"[0.0, 0.0, 0.0, 0.0]",1.0,1.0,6.0,6.0
KerasOCR,2_10,0.0,"[0.0, 0.0, 0.0, 0.0]",0.6065306597126334,0.6666666666666666,4.0,6.0
KerasOCR,2_11,0.0,"[0.0, 0.0, 0.0, 0.0]",0.8007374029168082,0.8181818181818182,18.0,22.0
KerasOCR,2_12,0.0,"[0.0, 0.0, 0.0, 0.0]",0.846481724890614,0.8571428571428571,18.0,21.0
KerasOCR,2_13,0.0,"[0.0, 0.0, 0.0, 0.0]",0.8187307530779819,0.8333333333333334,5.0,6.0
KerasOCR,2_14,0.0,"[0.023809523809523808, 0.0, 0.0, 0.0]",1.0,1.68,42.0,25.0
KerasOCR,3_0,0.0,"[0.024096385542168676, 0.0, 0.0, 0.0]",0.43547177245145685,0.5460526315789473,83.0,152.0
KerasOCR,3_1,0.0,"[0.0, 0.0, 0.0, 0.0]",0.8007374029168082,0.8181818181818182,18.0,22.0
KerasOCR,3_2,0.0,"[0.09523809523809523, 0.0, 0.0, 0.0]",0.8668778997501817,0.875,21.0,24.0
KerasOCR,3_3,0.0,"[0.07142857142857142, 0.0, 0.0, 0.0]",0.5257880244257798,0.6086956521739131,14.0,23.0
KerasOCR,3_4,0.0,"[0.0, 0.0, 0.0, 0.0]",0.8187307530779819,0.8333333333333334,5.0,6.0
KerasOCR,3_5,0.0,"[0.0, 0.0, 0.0, 0.0]",1.0,1.0,7.0,7.0
KerasOCR,3_6,0.0,"[0.0, 0.0, 0.0, 0.0]",0.8382234324229999,0.85,17.0,20.0
KerasOCR,3_7,0.0,"[0.038461538461538464, 0.0, 0.0, 0.0]",0.8910233766955563,0.896551724137931,26.0,29.0
KerasOCR,3_8,0.0,"[0.058823529411764705, 0.0, 0.0, 0.0]",0.7451888170134805,0.7727272727272727,17.0,22.0
KerasOCR,3_9,0.0,"[0.0, 0.0, 0.0, 0.0]",1.0,1.0,6.0,6.0
KerasOCR,3_10,0.0,"[0.0, 0.0, 0.0, 0.0]",0.6065306597126334,0.6666666666666666,16.0,24.0
KerasOCR,3_11,0.0,"[0.08333333333333333, 0.0, 0.0, 0.0]",0.6065306597126334,0.6666666666666666,12.0,18.0
KerasOCR,3_12,0.0,"[0.0, 0.0, 0.0, 0.0]",0.441233167759984,0.55,11.0,20.0
KerasOCR,3_13,0.0,"[0.0, 0.0, 0.0, 0.0]",1.0,5.333333333333333,32.0,6.0
KerasOCR,4_0,0.0,"[0.023529411764705882, 0.0, 0.0, 0.0]",0.45464640495688974,0.5592105263157895,85.0,152.0
KerasOCR,4_1,0.0,"[0.0, 0.0, 0.0, 0.0]",0.8187307530779819,0.8333333333333334,5.0,6.0
KerasOCR,4_2,0.0,"[0.0, 0.0, 0.0, 0.0]",0.7026185226629954,0.7391304347826086,17.0,23.0
KerasOCR,4_3,0.0,"[0.05263157894736842, 0.0, 0.0, 0.0]",0.8101577349324267,0.8260869565217391,19.0,23.0
KerasOCR,4_4,0.0,"[0.0, 0.0, 0.0, 0.0]",1.0,1.0,6.0,6.0
KerasOCR,4_5,0.0,"[0.0, 0.0, 0.0, 0.0]",0.8187307530779819,0.8333333333333334,5.0,6.0
KerasOCR,4_6,0.0,"[0.045454545454545456, 0.0, 0.0, 0.0]",0.7967034698934615,0.8148148148148148,22.0,27.0
KerasOCR,4_7,0.0,"[0.0, 0.0, 0.0, 0.0]",0.4493289641172217,0.5555555555555556,10.0,18.0
KerasOCR,4_8,0.0,"[0.0, 0.0, 0.0, 0.0]",1.0,1.0,6.0,6.0
KerasOCR,4_9,0.0,"[0.0, 0.0, 0.0, 0.0]",0.6703200460356393,0.7142857142857143,5.0,7.0
KerasOCR,4_10,0.0,"[0.0, 0.0, 0.0, 0.0]",1.0,1.0,7.0,7.0
KerasOCR,4_11,0.0,"[0.058823529411764705, 0.0, 0.0, 0.0]",0.6624801353939264,0.7083333333333334,17.0,24.0
KerasOCR,4_12,0.0,"[0.1111111111111111, 0.0, 0.0, 0.0]",0.7165313105737893,0.75,18.0,24.0
KerasOCR,4_13,0.0,"[0.029411764705882353, 0.0, 0.0, 0.0]",1.0,3.090909090909091,34.0,11.0
KerasOCR,5_0,0.0,"[0.023809523809523808, 0.0, 0.0, 0.0]",0.4450699538427625,0.5526315789473685,84.0,152.0
KerasOCR,5_1,0.0,"[0.0, 0.0, 0.0, 0.0]",1.0,1.0,1.0,1.0
KerasOCR,5_2,0.0,"[0.0, 0.0, 0.0, 0.0]",0.513417119032592,0.6,18.0,30.0
KerasOCR,5_3,0.0,"[0.0, 0.0, 0.0, 0.0]",0.39324072086859835,0.5172413793103449,15.0,29.0
KerasOCR,5_4,0.0,"[0.0, 0.0, 0.0, 0.0]",0.3998496543448473,0.5217391304347826,12.0,23.0
KerasOCR,5_5,0.0,"[0.06666666666666667, 0.0, 0.0, 0.0]",0.6703200460356393,0.7142857142857143,15.0,21.0
KerasOCR,5_6,0.0,"[0.11764705882352941, 0.0, 0.0, 0.0]",0.7903383629814982,0.8095238095238095,17.0,21.0
KerasOCR,5_7,0.0,"[0.0, 0.0, 0.0, 0.0]",0.6703200460356393,0.7142857142857143,5.0,7.0
KerasOCR,5_8,0.0,"[0.05263157894736842, 0.0, 0.0, 0.0]",0.6227038648477501,0.6785714285714286,19.0,28.0
KerasOCR,5_9,0.0,"[0.10526315789473684, 0.0, 0.0, 0.0]",0.729212952525235,0.76,19.0,25.0
KerasOCR,5_10,0.0,"[0.0, 0.0, 0.0, 0.0]",0.8187307530779819,0.8333333333333334,5.0,6.0
KerasOCR,5_11,0.0,"[0.0, 0.0, 0.0, 0.0]",0.4633693692311752,0.5652173913043478,13.0,23.0
KerasOCR,5_12,0.0,"[0.125, 0.0, 0.0, 0.0]",0.645648526427892,0.6956521739130435,16.0,23.0
KerasOCR,5_13,0.0,"[0.0, 0.0, 0.0, 0.0]",0.751477293075286,0.7777777777777778,14.0,18.0
KerasOCR,5_14,0.0,"[0.08333333333333333, 0.02857142857142857, 0.0, 0.0]",1.0,1.3846153846153846,36.0,26.0
KerasOCR,6_0,0.0,"[0.024691358024691357, 0.0, 0.0, 0.0]",0.4162192102151119,0.5328947368421053,81.0,152.0
KerasOCR,6_1,0.0,"[0.0, 0.0, 0.0, 0.0]",1.0,1.0,1.0,1.0
KerasOCR,6_2,0.0,"[0.0, 0.0, 0.0, 0.0]",0.846481724890614,0.8571428571428571,18.0,21.0
KerasOCR,6_3,0.0,"[0.07142857142857142, 0.0, 0.0, 0.0]",0.6065306597126334,0.6666666666666666,14.0,21.0
KerasOCR,6_4,0.0,"[0.0, 0.0, 0.0, 0.0]",0.7613003866968737,0.7857142857142857,11.0,14.0
KerasOCR,6_5,0.0,"[0.0, 0.0, 0.0, 0.0]",0.8751733190429475,0.8823529411764706,15.0,17.0
KerasOCR,6_6,0.0,"[0.0, 0.0, 0.0, 0.0]",0.846481724890614,0.8571428571428571,6.0,7.0
KerasOCR,6_7,0.0,"[0.0, 0.0, 0.0, 0.0]",0.6065306597126334,0.6666666666666666,14.0,21.0
KerasOCR,6_8,0.0,"[0.0, 0.0, 0.0, 0.0]",0.846481724890614,0.8571428571428571,6.0,7.0
KerasOCR,6_9,0.0,"[0.0, 0.0, 0.0, 0.0]",0.7165313105737893,0.75,6.0,8.0
KerasOCR,6_10,0.0,"[0.07142857142857142, 0.0, 0.0, 0.0]",0.5257880244257798,0.6086956521739131,14.0,23.0
KerasOCR,6_11,0.0,"[0.0625, 0.0, 0.0, 0.0]",0.8290291181804004,0.8421052631578947,16.0,19.0
KerasOCR,6_12,0.0,"[0.07142857142857142, 0.0, 0.0, 0.0]",0.8071177470053892,0.8235294117647058,14.0,17.0
KerasOCR,6_13,0.0,"[0.0, 0.0, 0.0, 0.0]",0.6703200460356393,0.7142857142857143,5.0,7.0
KerasOCR,6_14,0.0,"[0.0, 0.0, 0.0, 0.0]",0.7903383629814982,0.8095238095238095,17.0,21.0
KerasOCR,7_0,0.0,"[0.023809523809523808, 0.0, 0.0, 0.0]",0.4450699538427625,0.5526315789473685,84.0,152.0
KerasOCR,7_1,0.0,"[0.0, 0.0, 0.0, 0.0]",0.8187307530779819,0.8333333333333334,5.0,6.0
KerasOCR,7_2,0.0,"[0.0, 0.0, 0.0, 0.0]",0.751477293075286,0.7777777777777778,21.0,27.0
KerasOCR,7_3,0.0,"[0.0, 0.0, 0.0, 0.0]",0.846481724890614,0.8571428571428571,6.0,7.0
KerasOCR,7_4,0.0,"[0.0, 0.0, 0.0, 0.0]",0.6872892787909722,0.7272727272727273,16.0,22.0
KerasOCR,7_5,0.0,"[0.0, 0.0, 0.0, 0.0]",1.0,1.0,7.0,7.0
KerasOCR,7_6,0.0,"[0.0, 0.0, 0.0, 0.0]",0.7165313105737893,0.75,6.0,8.0
KerasOCR,7_7,0.0,"[0.0, 0.0, 0.0, 0.0]",0.8187307530779819,0.8333333333333334,5.0,6.0
KerasOCR,7_8,0.0,"[0.0, 0.0, 0.0, 0.0]",0.7903383629814982,0.8095238095238095,17.0,21.0
KerasOCR,7_9,0.0,"[0.0, 0.0, 0.0, 0.0]",0.846481724890614,0.8571428571428571,6.0,7.0
KerasOCR,7_10,0.0,"[0.0, 0.0, 0.0, 0.0]",0.6703200460356393,0.7142857142857143,5.0,7.0
KerasOCR,7_11,0.0,"[0.0, 0.0, 0.0, 0.0]",0.6703200460356393,0.7142857142857143,5.0,7.0
KerasOCR,7_12,0.0,"[0.0, 0.0, 0.0, 0.0]",0.751477293075286,0.7777777777777778,21.0,27.0
KerasOCR,7_13,0.0,"[0.0, 0.0, 0.0, 0.0]",1.0,1.0,18.0,18.0
KerasOCR,8_0,0.0,"[0.02564102564102564, 0.0, 0.0, 0.0]",0.3872371632498164,0.5131578947368421,78.0,152.0
KerasOCR,8_1,0.0,"[0.0, 0.0, 0.0, 0.0]",0.6065306597126334,0.6666666666666666,4.0,6.0
KerasOCR,8_2,0.0,"[0.0, 0.0, 0.0, 0.0]",0.8403699701308981,0.8518518518518519,23.0,27.0
KerasOCR,8_3,0.0,"[0.05263157894736842, 0.0, 0.0, 0.0]",0.6227038648477501,0.6785714285714286,19.0,28.0
KerasOCR,8_4,0.0,"[0.07142857142857142, 0.0, 0.0, 0.0]",0.5257880244257798,0.6086956521739131,14.0,23.0
KerasOCR,8_5,0.0,"[0.0, 0.0, 0.0, 0.0]",0.39324072086859835,0.5172413793103449,15.0,29.0
KerasOCR,8_6,0.0,"[0.1111111111111111, 0.0, 0.0, 0.0]",0.23587708298570007,0.4090909090909091,9.0,22.0
KerasOCR,8_7,0.0,"[0.0625, 0.0, 0.0, 0.0]",0.6872892787909722,0.7272727272727273,16.0,22.0
KerasOCR,8_8,0.0,"[0.0, 0.0, 0.0, 0.0]",0.6065306597126334,0.6666666666666666,18.0,27.0
KerasOCR,8_9,0.0,"[0.05263157894736842, 0.0, 0.0, 0.0]",0.8539396656235351,0.8636363636363636,19.0,22.0
KerasOCR,8_10,0.0,"[0.058823529411764705, 0.0, 0.0, 0.0]",0.6624801353939264,0.7083333333333334,17.0,24.0
KerasOCR,8_11,0.0,"[0.10526315789473684, 0.0, 0.0, 0.0]",0.8539396656235351,0.8636363636363636,19.0,22.0
KerasOCR,8_12,0.0,"[0.0, 0.0, 0.0, 0.0]",0.5647181220077593,0.6363636363636364,7.0,11.0
KerasOCR,8_13,0.0,"[0.0, 0.0, 0.0, 0.0]",1.0,2.375,19.0,8.0
KerasOCR,9_0,0.0,"[0.023809523809523808, 0.0, 0.0, 0.0]",0.4450699538427625,0.5526315789473685,84.0,152.0
KerasOCR,9_1,0.0,"[0.0, 0.0, 0.0, 0.0]",0.6703200460356393,0.7142857142857143,5.0,7.0
KerasOCR,9_2,0.0,"[0.0, 0.0, 0.0, 0.0]",0.8101577349324267,0.8260869565217391,19.0,23.0
KerasOCR,9_3,0.0,"[0.0, 0.0, 0.0, 0.0]",0.846481724890614,0.8571428571428571,6.0,7.0
KerasOCR,9_4,0.0,"[0.0, 0.0, 0.0, 0.0]",0.6703200460356393,0.7142857142857143,5.0,7.0
KerasOCR,9_5,0.0,"[0.0, 0.0, 0.0, 0.0]",0.6703200460356393,0.7142857142857143,5.0,7.0
KerasOCR,9_6,0.0,"[0.0, 0.0, 0.0, 0.0]",0.4723665527410147,0.5714285714285714,4.0,7.0
KerasOCR,9_7,0.0,"[0.0, 0.0, 0.0, 0.0]",0.6703200460356393,0.7142857142857143,5.0,7.0
KerasOCR,9_8,0.0,"[0.0, 0.0, 0.0, 0.0]",0.846481724890614,0.8571428571428571,6.0,7.0
KerasOCR,9_9,0.0,"[0.0, 0.0, 0.0, 0.0]",0.5352614285189903,0.6153846153846154,16.0,26.0
KerasOCR,9_10,0.0,"[0.14285714285714285, 0.0, 0.0, 0.0]",0.20774818714360088,0.3888888888888889,7.0,18.0
KerasOCR,9_11,0.0,"[0.0, 0.0, 0.0, 0.0]",1.0,1.0,6.0,6.0
KerasOCR,9_12,0.0,"[0.0, 0.0, 0.0, 0.0]",0.3406420441574411,0.48148148148148145,13.0,27.0
KerasOCR,9_13,0.0,"[0.0, 0.0, 0.0, 0.0]",1.0,2.5,15.0,6.0
KerasOCR,10_0,0.0,"[0.025, 0.0, 0.0, 0.0]",0.40656965974059905,0.5263157894736842,80.0,152.0
KerasOCR,10_1,0.0,"[0.0, 0.0, 0.0, 0.0]",0.8187307530779819,0.8333333333333334,5.0,6.0
KerasOCR,10_2,0.0,"[0.0, 0.0, 0.0, 0.0]",0.4654708140240617,0.5666666666666667,17.0,30.0
KerasOCR,10_3,0.0,"[0.0, 0.0, 0.0, 0.0]",0.8187307530779819,0.8333333333333334,5.0,6.0
KerasOCR,10_4,0.0,"[0.0, 0.0, 0.0, 0.0]",0.7686205265937356,0.7916666666666666,19.0,24.0
KerasOCR,10_5,0.0,"[0.0, 0.0, 0.0, 0.0]",0.6065306597126334,0.6666666666666666,4.0,6.0
KerasOCR,10_6,0.0,"[0.0, 0.0, 0.0, 0.0]",0.5028315779709409,0.5925925925925926,16.0,27.0
KerasOCR,10_7,0.0,"[0.0, 0.0, 0.0, 0.0]",0.23587708298570007,0.4090909090909091,9.0,22.0
KerasOCR,10_8,0.0,"[0.0, 0.0, 0.0, 0.0]",0.8187307530779819,0.8333333333333334,5.0,6.0
KerasOCR,10_9,0.0,"[0.0, 0.0, 0.0, 0.0]",0.8187307530779819,0.8333333333333334,5.0,6.0
KerasOCR,10_10,0.0,"[0.0, 0.0, 0.0, 0.0]",0.4633693692311752,0.5652173913043478,13.0,23.0
KerasOCR,10_11,0.0,"[0.0, 0.0, 0.0, 0.0]",1.0,1.0,6.0,6.0
KerasOCR,10_12,0.0,"[0.0, 0.0, 0.0, 0.0]",0.6065306597126334,0.6666666666666666,14.0,21.0
KerasOCR,10_13,0.0,"[0.034482758620689655, 0.0, 0.0, 0.0]",1.0,1.380952380952381,29.0,21.0
KerasOCR,11_0,0.0,"[0.024390243902439025, 0.0, 0.0, 0.0]",0.4258540757488069,0.5394736842105263,82.0,152.0
KerasOCR,11_1,0.0,"[0.0, 0.0, 0.0, 0.0]",0.36787944117144233,0.5,3.0,6.0
KerasOCR,11_2,0.0,"[0.0, 0.0, 0.0, 0.0]",1.0,1.0,6.0,6.0
KerasOCR,11_3,0.0,"[0.0, 0.0, 0.0, 0.0]",0.40289032152913307,0.5238095238095238,11.0,21.0
KerasOCR,11_4,0.0,"[0.0, 0.0, 0.0, 0.0]",0.6065306597126334,0.6666666666666666,4.0,6.0
KerasOCR,11_5,0.0,"[0.0, 0.0, 0.0, 0.0]",0.301194211912202,0.45454545454545453,10.0,22.0
KerasOCR,11_6,0.0,"[0.0, 0.0, 0.0, 0.0]",0.8187307530779819,0.8333333333333334,5.0,6.0
KerasOCR,11_7,0.0,"[0.0, 0.0, 0.0, 0.0]",0.6065306597126334,0.6666666666666666,4.0,6.0
KerasOCR,11_8,0.0,"[0.0, 0.0, 0.0, 0.0]",1.0,1.0,7.0,7.0
KerasOCR,11_9,0.0,"[0.0, 0.0, 0.0, 0.0]",0.6703200460356393,0.7142857142857143,5.0,7.0
KerasOCR,11_10,0.0,"[0.0, 0.0, 0.0, 0.0]",0.8187307530779819,0.8333333333333334,5.0,6.0
KerasOCR,11_11,0.0,"[0.0, 0.0, 0.0, 0.0]",0.5488116360940264,0.625,15.0,24.0
KerasOCR,11_12,0.0,"[0.0, 0.0, 0.0, 0.0]",1.0,1.0,7.0,7.0
KerasOCR,11_13,0.0,"[0.0, 0.0, 0.0, 0.0]",1.0,2.4285714285714284,17.0,7.0
KerasOCR,12_0,0.0,"[0.03508771929824561, 0.0, 0.0, 0.0]",0.18887560283756186,0.375,57.0,152.0
KerasOCR,12_1,0.0,"[0.0, 0.0, 0.0, 0.0]",0.3951177613268873,0.5185185185185185,14.0,27.0
KerasOCR,12_2,0.0,"[0.1111111111111111, 0.0, 0.0, 0.0]",0.29457482831010734,0.45,9.0,20.0
KerasOCR,12_3,0.0,"[0.0, 0.0, 0.0, 0.0]",1.0,1.1666666666666667,7.0,6.0
KerasOCR,12_4,0.0,"[0.0, 0.0, 0.0, 0.0]",1.0,1.0,5.0,5.0
KerasOCR,12_5,0.0,"[0.0, 0.0, 0.0, 0.0]",0.8187307530779819,0.8333333333333334,5.0,6.0
KerasOCR,12_6,0.0,"[0.0, 0.0, 0.0, 0.0]",0.6227038648477501,0.6785714285714286,19.0,28.0
KerasOCR,12_7,0.0,"[0.0, 0.0, 0.0, 0.0]",0.6703200460356393,0.7142857142857143,20.0,28.0
KerasOCR,12_8,0.0,"[0.0, 0.0, 0.0, 0.0]",0.6065306597126334,0.6666666666666666,16.0,24.0
KerasOCR,12_9,0.0,"[0.0, 0.0, 0.0, 0.0]",0.5647181220077593,0.6363636363636364,14.0,22.0
KerasOCR,12_10,0.0,"[0.0, 0.0, 0.0, 0.0]",1.0,1.0,7.0,7.0
KerasOCR,12_11,0.0,"[0.0, 0.0, 0.0, 0.0]",0.846481724890614,0.8571428571428571,6.0,7.0
KerasOCR,12_12,0.0,"[0.0, 0.0, 0.0, 0.0]",0.569782824730923,0.64,16.0,25.0
KerasOCR,12_13,0.0,"[0.03125, 0.0, 0.0, 0.0]",1.0,1.3333333333333333,32.0,24.0
KerasOCR,13_0,0.0,"[0.025974025974025976, 0.0, 0.0, 0.0]",0.3775599276970476,0.506578947368421,77.0,152.0
KerasOCR,13_1,0.0,"[0.0, 0.0, 0.0, 0.0]",0.846481724890614,0.8571428571428571,6.0,7.0
KerasOCR,13_2,0.0,"[0.0, 0.0, 0.0, 0.0]",0.7165313105737893,0.75,6.0,8.0
KerasOCR,13_3,0.0,"[0.0, 0.0, 0.0, 0.0]",0.22313016014842982,0.4,10.0,25.0
KerasOCR,13_4,0.0,"[0.0, 0.0, 0.0, 0.0]",0.6703200460356393,0.7142857142857143,5.0,7.0
KerasOCR,13_5,0.0,"[0.0, 0.0, 0.0, 0.0]",0.6624801353939264,0.7083333333333334,17.0,24.0
KerasOCR,13_6,0.0,"[0.06666666666666667, 0.0, 0.0, 0.0]",0.7165313105737893,0.75,15.0,20.0
KerasOCR,13_7,0.0,"[0.0, 0.0, 0.0, 0.0]",0.6703200460356393,0.7142857142857143,5.0,7.0
KerasOCR,13_8,0.0,"[0.0, 0.0, 0.0, 0.0]",0.5488116360940264,0.625,5.0,8.0
KerasOCR,13_9,0.0,"[0.0, 0.0, 0.0, 0.0]",0.6246347280002745,0.68,17.0,25.0
KerasOCR,13_10,0.0,"[0.0, 0.0, 0.0, 0.0]",0.6178673543839127,0.675,27.0,40.0
KerasOCR,13_11,0.0,"[0.0, 0.0, 0.0, 0.0]",0.7451888170134805,0.7727272727272727,17.0,22.0
KerasOCR,13_12,0.0,"[0.0, 0.0, 0.0, 0.0]",0.4185463083804131,0.5344827586206896,31.0,58.0
KerasOCR,13_13,0.0,"[0.0, 0.0, 0.0, 0.0]",1.0,1.5,15.0,10.0
KerasOCR,14_0,0.0,"[0.02531645569620253, 0.0, 0.0, 0.0]",0.3969080517068859,0.5197368421052632,79.0,152.0
KerasOCR,14_1,0.0,"[0.0, 0.0, 0.0, 0.0]",0.6703200460356393,0.7142857142857143,5.0,7.0
KerasOCR,14_2,0.0,"[0.0, 0.0, 0.0, 0.0]",0.4654708140240617,0.5666666666666667,17.0,30.0
KerasOCR,14_3,0.0,"[0.125, 0.0, 0.0, 0.0]",0.7316156289466418,0.7619047619047619,16.0,21.0
KerasOCR,14_4,0.0,"[0.0, 0.0, 0.0, 0.0]",0.6065306597126334,0.6666666666666666,4.0,6.0
KerasOCR,14_5,0.0,"[0.0, 0.0, 0.0, 0.0]",0.8187307530779819,0.8333333333333334,5.0,6.0
KerasOCR,14_6,0.0,"[0.0, 0.0, 0.0, 0.0]",0.4723665527410147,0.5714285714285714,4.0,7.0
KerasOCR,14_7,0.0,"[0.12, 0.0, 0.0, 0.0]",0.6703200460356393,0.7142857142857143,25.0,35.0
KerasOCR,14_8,0.0,"[0.2727272727272727, 0.0, 0.0, 0.0]",0.36787944117144233,0.5,11.0,22.0
KerasOCR,14_9,0.0,"[0.0625, 0.0, 0.0, 0.0]",0.645648526427892,0.6956521739130435,16.0,23.0
KerasOCR,14_10,0.0,"[0.0, 0.0, 0.0, 0.0]",0.6065306597126334,0.6666666666666666,4.0,6.0
KerasOCR,14_11,0.0,"[0.0, 0.0, 0.0, 0.0]",0.6563555554708402,0.7037037037037037,19.0,27.0
KerasOCR,14_12,0.0,"[0.0, 0.0, 0.0, 0.0]",0.6065306597126334,0.6666666666666666,4.0,6.0
KerasOCR,14_13,0.0,"[0.0, 0.0, 0.0, 0.0]",1.0,3.6666666666666665,22.0,6.0
KerasOCR,15_0,0.0,"[0.024390243902439025, 0.0, 0.0, 0.0]",0.4258540757488069,0.5394736842105263,82.0,152.0
KerasOCR,15_1,0.0,"[0.0, 0.0, 0.0, 0.0]",0.5317515301305707,0.6129032258064516,19.0,31.0
KerasOCR,15_2,0.0,"[0.0, 0.0, 0.0, 0.0]",0.8187307530779819,0.8333333333333334,5.0,6.0
KerasOCR,15_3,0.0,"[0.0, 0.0, 0.0, 0.0]",0.6065306597126334,0.6666666666666666,4.0,6.0
KerasOCR,15_4,0.0,"[0.0, 0.0, 0.0, 0.0]",0.8187307530779819,0.8333333333333334,5.0,6.0
KerasOCR,15_5,0.0,"[0.0, 0.0, 0.0, 0.0]",0.2635971381157267,0.42857142857142855,3.0,7.0
KerasOCR,15_6,0.0,"[0.045454545454545456, 0.0, 0.0, 0.0]",0.7274705090242835,0.7586206896551724,22.0,29.0
KerasOCR,15_7,0.0,"[0.0, 0.0, 0.0, 0.0]",0.6065306597126334,0.6666666666666666,4.0,6.0
KerasOCR,15_8,0.0,"[0.06666666666666667, 0.0, 0.0, 0.0]",0.5866462195100318,0.6521739130434783,15.0,23.0
KerasOCR,15_9,0.0,"[0.0, 0.0, 0.0, 0.0]",0.6065306597126334,0.6666666666666666,4.0,6.0
KerasOCR,15_10,0.0,"[0.0, 0.0, 0.0, 0.0]",0.6065306597126334,0.6666666666666666,4.0,6.0
KerasOCR,15_11,0.0,"[0.0, 0.0, 0.0, 0.0]",0.6065306597126334,0.6666666666666666,4.0,6.0
KerasOCR,15_12,0.0,"[0.0, 0.0, 0.0, 0.0]",0.6065306597126334,0.6666666666666666,4.0,6.0
KerasOCR,15_13,0.0,"[0.0, 0.0, 0.0, 0.0]",1.0,1.0357142857142858,29.0,28.0
KerasOCR,16_0,0.0,"[0.024691358024691357, 0.0, 0.0, 0.0]",0.4162192102151119,0.5328947368421053,81.0,152.0
KerasOCR,16_1,0.0,"[0.0, 0.0, 0.0, 0.0]",0.5488116360940264,0.625,20.0,32.0
KerasOCR,16_2,0.0,"[0.07142857142857142, 0.0, 0.0, 0.0]",0.6996725373751302,0.7368421052631579,14.0,19.0
KerasOCR,16_3,0.0,"[0.0, 0.0, 0.0, 0.0]",0.4723665527410147,0.5714285714285714,12.0,21.0
KerasOCR,16_4,0.0,"[0.0, 0.0, 0.0, 0.0]",0.4723665527410147,0.5714285714285714,4.0,7.0
KerasOCR,16_5,0.0,"[0.0, 0.0, 0.0, 0.0]",0.5488116360940264,0.625,5.0,8.0
KerasOCR,16_6,0.0,"[0.0, 0.0, 0.0, 0.0]",0.6703200460356393,0.7142857142857143,5.0,7.0
KerasOCR,16_7,0.0,"[0.0, 0.0, 0.0, 0.0]",0.36787944117144233,0.5,3.0,6.0
KerasOCR,16_8,0.0,"[0.0, 0.0, 0.0, 0.0]",0.7351414805916845,0.7647058823529411,13.0,17.0
KerasOCR,16_9,0.0,"[0.0, 0.0, 0.0, 0.0]",0.6703200460356393,0.7142857142857143,5.0,7.0
KerasOCR,16_10,0.0,"[0.0, 0.0, 0.0, 0.0]",0.4723665527410147,0.5714285714285714,4.0,7.0
KerasOCR,16_11,0.0,"[0.0, 0.0, 0.0, 0.0]",0.4723665527410147,0.5714285714285714,4.0,7.0
KerasOCR,16_12,0.0,"[0.0, 0.0, 0.0, 0.0]",0.4667764816516813,0.5675675675675675,21.0,37.0
KerasOCR,16_13,0.0,"[0.0, 0.0, 0.0, 0.0]",1.0,4.0,28.0,7.0
KerasOCR,17_0,0.0,"[0.022727272727272728, 0.0, 0.0, 0.0]",0.48322508118982543,0.5789473684210527,88.0,152.0
KerasOCR,17_1,0.0,"[0.0, 0.0, 0.0, 0.0]",0.7165313105737893,0.75,6.0,8.0
KerasOCR,17_2,0.0,"[0.0, 0.0, 0.0, 0.0]",0.36787944117144233,0.5,11.0,22.0
KerasOCR,17_3,0.0,"[0.0, 0.0, 0.0, 0.0]",0.558035145770047,0.631578947368421,12.0,19.0
KerasOCR,17_4,0.0,"[0.0, 0.0, 0.0, 0.0]",0.6703200460356393,0.7142857142857143,5.0,7.0
KerasOCR,17_5,0.0,"[0.0, 0.0, 0.0, 0.0]",0.48030530108979935,0.5769230769230769,15.0,26.0
KerasOCR,17_6,0.0,"[0.0, 0.0, 0.0, 0.0]",0.6703200460356393,0.7142857142857143,5.0,7.0
KerasOCR,17_7,0.0,"[0.06666666666666667, 0.0, 0.0, 0.0]",0.7165313105737893,0.75,15.0,20.0
KerasOCR,17_8,0.0,"[0.0, 0.0, 0.0, 0.0]",0.31890655732397044,0.4666666666666667,7.0,15.0
KerasOCR,17_9,0.0,"[0.058823529411764705, 0.0, 0.0, 0.0]",0.7026185226629954,0.7391304347826086,17.0,23.0
KerasOCR,17_10,0.0,"[0.0, 0.0, 0.0, 0.0]",0.4723665527410147,0.5714285714285714,4.0,7.0
KerasOCR,17_11,0.0,"[0.0, 0.0, 0.0, 0.0]",0.4723665527410147,0.5714285714285714,4.0,7.0
KerasOCR,17_12,0.0,"[0.0, 0.0, 0.0, 0.0]",0.441233167759984,0.55,11.0,20.0
KerasOCR,17_13,0.0,"[0.038461538461538464, 0.0, 0.0, 0.0]",1.0,1.368421052631579,26.0,19.0
KerasOCR,18_0,0.0,"[0.024390243902439025, 0.0, 0.0, 0.0]",0.4258540757488069,0.5394736842105263,82.0,152.0
KerasOCR,18_1,0.0,"[0.0, 0.0, 0.0, 0.0]",1.0,1.0,6.0,6.0
KerasOCR,18_2,0.0,"[0.0, 0.0, 0.0, 0.0]",0.4723665527410147,0.5714285714285714,4.0,7.0
KerasOCR,18_3,0.0,"[0.0, 0.0, 0.0, 0.0]",0.6703200460356393,0.7142857142857143,5.0,7.0
KerasOCR,18_4,0.0,"[0.0, 0.0, 0.0, 0.0]",0.5769498103804866,0.6451612903225806,20.0,31.0
KerasOCR,18_5,0.0,"[0.0, 0.0, 0.0, 0.0]",0.6065306597126334,0.6666666666666666,4.0,6.0
KerasOCR,18_6,0.0,"[0.0, 0.0, 0.0, 0.0]",0.6065306597126334,0.6666666666666666,4.0,6.0
KerasOCR,18_7,0.0,"[0.0, 0.0, 0.0, 0.0]",0.6376281516217733,0.6896551724137931,20.0,29.0
KerasOCR,18_8,0.0,"[0.0, 0.0, 0.0, 0.0]",0.4965853037914095,0.5882352941176471,20.0,34.0
KerasOCR,18_9,0.0,"[0.0, 0.0, 0.0, 0.0]",0.6065306597126334,0.6666666666666666,4.0,6.0
KerasOCR,18_10,0.0,"[0.0, 0.0, 0.0, 0.0]",0.8187307530779819,0.8333333333333334,20.0,24.0
KerasOCR,18_11,0.0,"[0.07692307692307693, 0.0, 0.0, 0.0]",0.36787944117144233,0.5,13.0,26.0
KerasOCR,18_12,0.0,"[0.06666666666666667, 0.0, 0.0, 0.0]",0.7659283383646487,0.7894736842105263,15.0,19.0
KerasOCR,18_13,0.0,"[0.07692307692307693, 0.0, 0.0, 0.0]",1.0,1.2380952380952381,26.0,21.0
KerasOCR,19_0,0.0,"[0.024390243902439025, 0.0, 0.0, 0.0]",0.4258540757488069,0.5394736842105263,82.0,152.0
KerasOCR,19_1,0.0,"[0.0, 0.0, 0.0, 0.0]",1.0,1.0,6.0,6.0
KerasOCR,19_2,0.0,"[0.0, 0.0, 0.0, 0.0]",0.36787944117144233,0.5,3.0,6.0
KerasOCR,19_3,0.0,"[0.0, 0.0, 0.0, 0.0]",0.1353352832366127,0.3333333333333333,2.0,6.0
KerasOCR,19_4,0.0,"[0.0, 0.0, 0.0, 0.0]",0.846481724890614,0.8571428571428571,6.0,7.0
KerasOCR,19_5,0.0,"[0.0, 0.0, 0.0, 0.0]",0.6065306597126334,0.6666666666666666,4.0,6.0
KerasOCR,19_6,0.0,"[0.041666666666666664, 0.0, 0.0, 0.0]",0.5817778142098083,0.6486486486486487,24.0,37.0
KerasOCR,19_7,0.0,"[0.0, 0.0, 0.0, 0.0]",0.5889513097505535,0.6538461538461539,17.0,26.0
KerasOCR,19_8,0.0,"[0.09090909090909091, 0.0, 0.0, 0.0]",0.40289032152913307,0.5238095238095238,11.0,21.0
KerasOCR,19_9,0.0,"[0.0, 0.0, 0.0, 0.0]",0.6065306597126334,0.6666666666666666,4.0,6.0
KerasOCR,19_10,0.0,"[0.0, 0.0, 0.0, 0.0]",0.6065306597126334,0.6666666666666666,4.0,6.0
KerasOCR,19_11,0.0,"[0.05, 0.0, 0.0, 0.0]",0.5769498103804866,0.6451612903225806,20.0,31.0
KerasOCR,19_12,0.0,"[0.0, 0.0, 0.0, 0.0]",0.8187307530779819,0.8333333333333334,5.0,6.0
KerasOCR,19_13,0.0,"[0.03125, 0.0, 0.0, 0.0]",1.0,1.6,32.0,20.0
KerasOCR,20_0,0.0,"[0.024691358024691357, 0.0, 0.0, 0.0]",0.4162192102151119,0.5328947368421053,81.0,152.0
KerasOCR,20_1,0.0,"[0.0, 0.0, 0.0, 0.0]",0.8187307530779819,0.8333333333333334,5.0,6.0
KerasOCR,20_2,0.0,"[0.0, 0.0, 0.0, 0.0]",0.6065306597126334,0.6666666666666666,4.0,6.0
KerasOCR,20_3,0.0,"[0.0, 0.0, 0.0, 0.0]",0.6703200460356393,0.7142857142857143,5.0,7.0
KerasOCR,20_4,0.0,"[0.0, 0.0, 0.0, 0.0]",0.8187307530779819,0.8333333333333334,5.0,6.0
KerasOCR,20_5,0.0,"[0.0, 0.0, 0.0, 0.0]",0.39729471319771137,0.52,13.0,25.0
KerasOCR,20_6,0.0,"[0.1, 0.0, 0.0, 0.0]",0.40656965974059905,0.5263157894736842,10.0,19.0
KerasOCR,20_7,0.0,"[0.0, 0.0, 0.0, 0.0]",0.846481724890614,0.8571428571428571,6.0,7.0
KerasOCR,20_8,0.0,"[0.0, 0.0, 0.0, 0.0]",0.846481724890614,0.8571428571428571,6.0,7.0
KerasOCR,20_9,0.0,"[0.0625, 0.0, 0.0, 0.0]",0.645648526427892,0.6956521739130435,16.0,23.0
KerasOCR,20_10,0.0,"[0.07692307692307693, 0.0, 0.0, 0.0]",0.50041992036057,0.5909090909090909,13.0,22.0
KerasOCR,20_11,0.0,"[0.0, 0.0, 0.0, 0.0]",0.6703200460356393,0.7142857142857143,5.0,7.0
KerasOCR,20_12,0.0,"[0.0, 0.0, 0.0, 0.0]",0.6065306597126334,0.6666666666666666,4.0,6.0
KerasOCR,20_13,0.0,"[0.0, 0.0, 0.0, 0.0]",1.0,1.3181818181818181,29.0,22.0
TrOCR,1_0,0.0,"[0.0, 0.0, 0.0, 0.0]",0.0013603680375478928,0.13157894736842105,20.0,152.0
TrOCR,1_1,0.0,"[0.0, 0.0, 0.0, 0.0]",1.0,1.7142857142857142,12.0,7.0
TrOCR,1_2,0.0,"[0.0, 0.0, 0.0, 0.0]",1.0,2.0,14.0,7.0
TrOCR,1_3,0.0,"[0.0, 0.0, 0.0, 0.0]",0.6065306597126334,0.6666666666666666,18.0,27.0
TrOCR,1_4,0.0,"[0.058823529411764705, 0.0, 0.0, 0.0]",0.9428731438548749,0.9444444444444444,17.0,18.0
TrOCR,1_5,0.0,"[0.0, 0.0, 0.0, 0.0]",1.0,1.6666666666666667,10.0,6.0
TrOCR,1_6,0.0,"[0.0, 0.0, 0.0, 0.0]",1.0,2.4285714285714284,17.0,7.0
TrOCR,1_7,0.0,"[0.0, 0.0, 0.0, 0.0]",1.0,2.2857142857142856,16.0,7.0
TrOCR,1_8,0.0,"[0.0, 0.0, 0.0, 0.0]",1.0,1.5714285714285714,11.0,7.0
TrOCR,1_9,0.0,"[0.0, 0.0, 0.0, 0.0]",0.5889513097505535,0.6538461538461539,17.0,26.0
TrOCR,1_10,0.0,"[0.0, 0.0, 0.0, 0.0]",0.8890097654027757,0.8947368421052632,17.0,19.0
TrOCR,1_11,0.0,"[0.0, 0.0, 0.0, 0.0]",0.8007374029168082,0.8181818181818182,18.0,22.0
TrOCR,1_12,0.0,"[0.0, 0.0, 0.0, 0.0]",1.0,2.1666666666666665,13.0,6.0
TrOCR,1_13,0.0,"[0.0, 0.0, 0.0, 0.0]",0.4723665527410147,0.5714285714285714,16.0,28.0
TrOCR,2_0,0.0,"[0.0, 0.0, 0.0, 0.0]",2.70500210260468e-11,0.039473684210526314,6.0,152.0
TrOCR,2_1,0.0,"[0.0, 0.0, 0.0, 0.0]",1.0,9.0,18.0,2.0
TrOCR,2_2,0.0,"[0.0, 0.0, 0.0, 0.0]",0.4203503845086819,0.5357142857142857,15.0,28.0
TrOCR,2_3,0.0,"[0.0, 0.0, 0.0, 0.0]",0.7574651283969664,0.782608695652174,18.0,23.0
TrOCR,2_4,0.0,"[0.0, 0.0, 0.0, 0.0]",0.8948393168143697,0.9,18.0,20.0
TrOCR,2_5,0.0,"[0.0, 0.0, 0.0, 0.0]",1.0,1.1666666666666667,7.0,6.0
TrOCR,2_6,0.0,"[0.0, 0.0, 0.0, 0.0]",0.6624801353939264,0.7083333333333334,17.0,24.0
TrOCR,2_7,0.0,"[0.058823529411764705, 0.0, 0.0, 0.0]",0.8382234324229999,0.85,17.0,20.0
TrOCR,2_8,0.0,"[0.0, 0.0, 0.0, 0.0]",0.8668778997501817,0.875,21.0,24.0
TrOCR,2_9,0.0,"[0.0, 0.0, 0.0, 0.0]",1.0,1.8333333333333333,11.0,6.0
TrOCR,2_10,0.0,"[0.0, 0.0, 0.0, 0.0]",1.0,1.5,9.0,6.0
TrOCR,2_11,0.0,"[0.0, 0.0, 0.0, 0.0]",0.7451888170134805,0.7727272727272727,17.0,22.0
TrOCR,2_12,0.0,"[0.0, 0.0, 0.0, 0.0]",0.7316156289466418,0.7619047619047619,16.0,21.0
TrOCR,2_13,0.0,"[0.0, 0.0, 0.0, 0.0]",1.0,1.3333333333333333,8.0,6.0
TrOCR,2_14,0.0,"[0.0, 0.0, 0.0, 0.0]",0.6778095780054504,0.72,18.0,25.0
TrOCR,3_0,0.0,"[0.0, 0.0, 0.0, 0.0]",0.0003557876582749985,0.1118421052631579,17.0,152.0
TrOCR,3_1,0.0,"[0.0, 0.0, 0.0, 0.0]",0.6872892787909722,0.7272727272727273,16.0,22.0
TrOCR,3_2,0.0,"[0.0, 0.0, 0.0, 0.0]",0.6065306597126334,0.6666666666666666,16.0,24.0
TrOCR,3_3,0.0,"[0.05, 0.0, 0.0, 0.0]",0.8607079764250577,0.8695652173913043,20.0,23.0
TrOCR,3_4,0.0,"[0.0, 0.0, 0.0, 0.0]",1.0,1.3333333333333333,8.0,6.0
TrOCR,3_5,0.0,"[0.0, 0.0, 0.0, 0.0]",1.0,1.8571428571428572,13.0,7.0
TrOCR,3_6,0.0,"[0.0, 0.0, 0.0, 0.0]",0.8948393168143697,0.9,18.0,20.0
TrOCR,3_7,0.0,"[0.0, 0.0, 0.0, 0.0]",0.3425188550930457,0.4827586206896552,14.0,29.0
TrOCR,3_8,0.0,"[0.0, 0.0, 0.0, 0.0]",0.7451888170134805,0.7727272727272727,17.0,22.0
TrOCR,3_9,0.0,"[0.0, 0.0, 0.0, 0.0]",1.0,2.1666666666666665,13.0,6.0
TrOCR,3_10,0.0,"[0.0, 0.0, 0.0, 0.0]",0.6624801353939264,0.7083333333333334,17.0,24.0
TrOCR,3_11,0.0,"[0.05263157894736842, 0.0, 0.0, 0.0]",1.0,1.0555555555555556,19.0,18.0
TrOCR,3_12,0.0,"[0.0, 0.0, 0.0, 0.0]",0.9487294800164372,0.95,19.0,20.0
TrOCR,3_13,0.0,"[0.0, 0.0, 0.0, 0.0]",1.0,1.8333333333333333,11.0,6.0
TrOCR,4_0,0.0,"[0.05263157894736842, 0.0, 0.0, 0.0]",0.0009118819655545162,0.125,19.0,152.0
TrOCR,4_1,0.0,"[0.0, 0.0, 0.0, 0.0]",1.0,3.1666666666666665,19.0,6.0
TrOCR,4_2,0.0,"[0.0, 0.0, 0.0, 0.0]",0.7026185226629954,0.7391304347826086,17.0,23.0
TrOCR,4_3,0.0,"[0.0, 0.0, 0.0, 0.0]",0.7574651283969664,0.782608695652174,18.0,23.0
TrOCR,4_4,0.0,"[0.0, 0.0, 0.0, 0.0]",1.0,1.5,9.0,6.0
TrOCR,4_5,0.0,"[0.0, 0.0, 0.0, 0.0]",1.0,1.6666666666666667,10.0,6.0
TrOCR,4_6,0.0,"[0.0, 0.0, 0.0, 0.0]",0.5553063730019506,0.6296296296296297,17.0,27.0
TrOCR,4_7,0.0,"[0.0, 0.0, 0.0, 0.0]",0.9428731438548749,0.9444444444444444,17.0,18.0
TrOCR,4_8,0.0,"[0.0, 0.0, 0.0, 0.0]",1.0,1.0,6.0,6.0
TrOCR,4_9,0.0,"[0.0, 0.0, 0.0, 0.0]",1.0,1.4285714285714286,10.0,7.0
TrOCR,4_10,0.0,"[0.0, 0.0, 0.0, 0.0]",1.0,1.7142857142857142,12.0,7.0
TrOCR,4_11,0.0,"[0.047619047619047616, 0.0, 0.0, 0.0]",0.8668778997501817,0.875,21.0,24.0
TrOCR,4_12,0.0,"[0.0, 0.0, 0.0, 0.0]",0.6624801353939264,0.7083333333333334,17.0,24.0
TrOCR,4_13,0.0,"[0.0, 0.0, 0.0, 0.0]",1.0,1.4545454545454546,16.0,11.0
TrOCR,5_0,0.0,"[0.0, 0.0, 0.0, 0.0]",0.0009118819655545162,0.125,19.0,152.0
TrOCR,5_1,0.0,"[0.0, 0.0, 0.0, 0.0]",1.0,20.0,20.0,1.0
TrOCR,5_2,0.0,"[0.0, 0.0, 0.0, 0.0]",0.4654708140240617,0.5666666666666667,17.0,30.0
TrOCR,5_3,0.0,"[0.0, 0.0, 0.0, 0.0]",0.5427474811642219,0.6206896551724138,18.0,29.0
TrOCR,5_4,0.0,"[0.0, 0.0, 0.0, 0.0]",0.7574651283969664,0.782608695652174,18.0,23.0
TrOCR,5_5,0.0,"[0.0, 0.0, 0.0, 0.0]",0.7903383629814982,0.8095238095238095,17.0,21.0
TrOCR,5_6,0.0,"[0.0, 0.0, 0.0, 0.0]",0.9000876262522594,0.9047619047619048,19.0,21.0
TrOCR,5_7,0.0,"[0.0, 0.0, 0.0, 0.0]",1.0,2.4285714285714284,17.0,7.0
TrOCR,5_8,0.0,"[0.0, 0.0, 0.0, 0.0]",0.5235834657149969,0.6071428571428571,17.0,28.0
TrOCR,5_9,0.0,"[0.0, 0.0, 0.0, 0.0]",1.0,3.68,92.0,25.0
TrOCR,5_10,0.0,"[0.0, 0.0, 0.0, 0.0]",1.0,1.3333333333333333,8.0,6.0
TrOCR,5_11,0.0,"[0.13636363636363635, 0.0, 0.0, 0.0]",0.9555630362682843,0.9565217391304348,22.0,23.0
TrOCR,5_12,0.0,"[0.0, 0.0, 0.0, 0.0]",0.7574651283969664,0.782608695652174,18.0,23.0
TrOCR,5_13,0.0,"[0.0, 0.0, 0.0, 0.0]",0.36787944117144233,0.5,9.0,18.0
TrOCR,5_14,0.0,"[0.0, 0.0, 0.0, 0.0]",0.740818220681718,0.7692307692307693,20.0,26.0
TrOCR,6_0,0.0,"[0.0, 0.0, 0.0, 0.0]",0.00020346836901064417,0.10526315789473684,16.0,152.0
TrOCR,6_1,0.0,"[0.0, 0.0, 0.0, 0.0]",1.0,5.0,5.0,1.0
TrOCR,6_2,0.0,"[0.0, 0.0, 0.0, 0.0]",0.7903383629814982,0.8095238095238095,17.0,21.0
TrOCR,6_3,0.0,"[0.0, 0.0, 0.0, 0.0]",0.7903383629814982,0.8095238095238095,17.0,21.0
TrOCR,6_4,0.0,"[0.0, 0.0, 0.0, 0.0]",1.0,1.1428571428571428,16.0,14.0
TrOCR,6_5,0.0,"[0.05263157894736842, 0.0, 0.0, 0.0]",1.0,1.1176470588235294,19.0,17.0
TrOCR,6_6,0.0,"[0.0, 0.0, 0.0, 0.0]",1.0,1.1428571428571428,8.0,7.0
TrOCR,6_7,0.0,"[0.1111111111111111, 0.0, 0.0, 0.0]",0.846481724890614,0.8571428571428571,18.0,21.0
TrOCR,6_8,0.0,"[0.0, 0.0, 0.0, 0.0]",1.0,1.8571428571428572,13.0,7.0
TrOCR,6_9,0.0,"[0.0, 0.0, 0.0, 0.0]",1.0,1.625,13.0,8.0
TrOCR,6_10,0.0,"[0.0, 0.0, 0.0, 0.0]",0.5866462195100318,0.6521739130434783,15.0,23.0
TrOCR,6_11,0.0,"[0.0, 0.0, 0.0, 0.0]",1.0,1.0526315789473684,20.0,19.0
TrOCR,6_12,0.0,"[0.0, 0.0, 0.0, 0.0]",0.8751733190429475,0.8823529411764706,15.0,17.0
TrOCR,6_13,0.0,"[0.0, 0.0, 0.0, 0.0]",1.0,1.8571428571428572,13.0,7.0
TrOCR,6_14,0.0,"[0.0, 0.0, 0.0, 0.0]",1.0,1.0,21.0,21.0
TrOCR,7_0,0.0,"[0.0, 0.0, 0.0, 0.0]",0.0013603680375478928,0.13157894736842105,20.0,152.0
TrOCR,7_1,0.0,"[0.0, 0.0, 0.0, 0.0]",1.0,1.6666666666666667,10.0,6.0
TrOCR,7_2,0.0,"[0.0, 0.0, 0.0, 0.0]",0.7967034698934615,0.8148148148148148,22.0,27.0
TrOCR,7_3,0.0,"[0.0, 0.0, 0.0, 0.0]",1.0,1.5714285714285714,11.0,7.0
TrOCR,7_4,0.0,"[0.0, 0.0, 0.0, 0.0]",0.7451888170134805,0.7727272727272727,17.0,22.0
TrOCR,7_5,0.0,"[0.0, 0.0, 0.0, 0.0]",1.0,1.0,7.0,7.0
TrOCR,7_6,0.0,"[0.0, 0.0, 0.0, 0.0]",1.0,1.0,8.0,8.0
TrOCR,7_7,0.0,"[0.0, 0.0, 0.0, 0.0]",1.0,1.5,9.0,6.0
TrOCR,7_8,0.0,"[0.0, 0.0, 0.0, 0.0]",0.7903383629814982,0.8095238095238095,17.0,21.0
TrOCR,7_9,0.0,"[0.0, 0.0, 0.0, 0.0]",1.0,1.2857142857142858,9.0,7.0
TrOCR,7_10,0.0,"[0.0, 0.0, 0.0, 0.0]",1.0,1.5714285714285714,11.0,7.0
TrOCR,7_11,0.0,"[0.0, 0.0, 0.0, 0.0]",0.846481724890614,0.8571428571428571,6.0,7.0
TrOCR,7_12,0.0,"[0.0, 0.0, 0.0, 0.0]",0.5028315779709409,0.5925925925925926,16.0,27.0
TrOCR,7_13,0.0,"[0.0, 0.0, 0.0, 0.0]",0.6807123983233854,0.7222222222222222,13.0,18.0
TrOCR,8_0,0.0,"[0.0, 0.0, 0.0, 0.0]",5.237176974469906e-05,0.09210526315789473,14.0,152.0
TrOCR,8_1,0.0,"[0.0, 0.0, 0.0, 0.0]",1.0,2.0,12.0,6.0
TrOCR,8_2,0.0,"[0.0, 0.0, 0.0, 0.0]",0.5553063730019506,0.6296296296296297,17.0,27.0
TrOCR,8_3,0.0,"[0.05555555555555555, 0.0, 0.0, 0.0]",0.573753420737433,0.6428571428571429,18.0,28.0
TrOCR,8_4,0.0,"[0.0, 0.0, 0.0, 0.0]",0.5257880244257798,0.6086956521739131,14.0,23.0
TrOCR,8_5,0.0,"[0.05, 0.0, 0.0, 0.0]",0.6376281516217733,0.6896551724137931,20.0,29.0
TrOCR,8_6,0.0,"[0.0, 0.0, 0.0, 0.0]",0.8007374029168082,0.8181818181818182,18.0,22.0
TrOCR,8_7,0.0,"[0.0, 0.0, 0.0, 0.0]",0.6872892787909722,0.7272727272727273,16.0,22.0
TrOCR,8_8,0.0,"[0.0, 0.0, 0.0, 0.0]",0.6065306597126334,0.6666666666666666,18.0,27.0
TrOCR,8_9,0.0,"[0.0, 0.0, 0.0, 0.0]",0.8539396656235351,0.8636363636363636,19.0,22.0
TrOCR,8_10,0.0,"[0.0, 0.0, 0.0, 0.0]",0.6624801353939264,0.7083333333333334,17.0,24.0
TrOCR,8_11,0.0,"[0.0, 0.0, 0.0, 0.0]",0.8007374029168082,0.8181818181818182,18.0,22.0
TrOCR,8_12,0.0,"[0.0, 0.0, 0.0, 0.0]",0.9048374180359595,0.9090909090909091,10.0,11.0
TrOCR,8_13,0.0,"[0.0, 0.0, 0.0, 0.0]",1.0,1.625,13.0,8.0
TrOCR,9_0,0.0,"[0.043256997455470736, 0.0, 0.0, 0.0]",1.0,2.585526315789474,393.0,152.0
TrOCR,9_1,0.0,"[0.0, 0.0, 0.0, 0.0]",1.0,1.7142857142857142,12.0,7.0
TrOCR,9_2,0.0,"[0.0, 0.0, 0.0, 0.0]",0.7026185226629954,0.7391304347826086,17.0,23.0
TrOCR,9_3,0.0,"[0.0, 0.0, 0.0, 0.0]",1.0,2.7142857142857144,19.0,7.0
TrOCR,9_4,0.0,"[0.0, 0.0, 0.0, 0.0]",1.0,1.7142857142857142,12.0,7.0
TrOCR,9_5,0.0,"[0.0, 0.0, 0.0, 0.0]",1.0,1.7142857142857142,12.0,7.0
TrOCR,9_6,0.0,"[0.0, 0.0, 0.0, 0.0]",1.0,1.8571428571428572,13.0,7.0
TrOCR,9_7,0.0,"[0.0, 0.0, 0.0, 0.0]",1.0,2.4285714285714284,17.0,7.0
TrOCR,9_8,0.0,"[0.0, 0.0, 0.0, 0.0]",1.0,1.4285714285714286,10.0,7.0
TrOCR,9_9,0.0,"[0.2222222222222222, 0.0, 0.0, 0.0]",0.6411803884299546,0.6923076923076923,18.0,26.0
TrOCR,9_10,0.0,"[0.0, 0.0, 0.0, 0.0]",1.0,1.0,18.0,18.0
TrOCR,9_11,0.0,"[0.0, 0.0, 0.0, 0.0]",1.0,1.8333333333333333,11.0,6.0
TrOCR,9_12,0.0,"[0.0, 0.0, 0.0, 0.0]",0.1826835240527346,0.37037037037037035,10.0,27.0
TrOCR,9_13,0.0,"[0.0, 0.0, 0.0, 0.0]",1.0,3.3333333333333335,20.0,6.0
TrOCR,10_0,0.0,"[0.0, 0.0, 0.0, 0.0]",0.000584680832876515,0.11842105263157894,18.0,152.0
TrOCR,10_1,0.0,"[0.0, 0.0, 0.0, 0.0]",1.0,2.1666666666666665,13.0,6.0
TrOCR,10_2,0.0,"[0.1111111111111111, 0.0, 0.0, 0.0]",0.513417119032592,0.6,18.0,30.0
TrOCR,10_3,0.0,"[0.0, 0.0, 0.0, 0.0]",1.0,2.3333333333333335,14.0,6.0
TrOCR,10_4,0.0,"[0.0, 0.0, 0.0, 0.0]",0.6624801353939264,0.7083333333333334,17.0,24.0
TrOCR,10_5,0.0,"[0.0, 0.0, 0.0, 0.0]",1.0,2.5,15.0,6.0
TrOCR,10_6,0.0,"[0.0, 0.0, 0.0, 0.0]",0.3951177613268873,0.5185185185185185,14.0,27.0
TrOCR,10_7,0.0,"[0.08695652173913043, 0.0, 0.0, 0.0]",1.0,1.0454545454545454,23.0,22.0
TrOCR,10_8,0.0,"[0.0, 0.0, 0.0, 0.0]",1.0,2.0,12.0,6.0
TrOCR,10_9,0.0,"[0.0, 0.0, 0.0, 0.0]",1.0,1.6666666666666667,10.0,6.0
TrOCR,10_10,0.0,"[0.0, 0.0, 0.0, 0.0]",0.5866462195100318,0.6521739130434783,15.0,23.0
TrOCR,10_11,0.0,"[0.0, 0.0, 0.0, 0.0]",1.0,1.1666666666666667,7.0,6.0
TrOCR,10_12,0.0,"[0.0, 0.0, 0.0, 0.0]",0.6065306597126334,0.6666666666666666,14.0,21.0
TrOCR,10_13,0.0,"[0.05263157894736842, 0.0, 0.0, 0.0]",0.9000876262522594,0.9047619047619048,19.0,21.0
TrOCR,11_0,0.0,"[0.16666666666666666, 0.0, 0.0, 0.0]",2.70500210260468e-11,0.039473684210526314,6.0,152.0
TrOCR,11_1,0.0,"[0.0, 0.0, 0.0, 0.0]",1.0,1.3333333333333333,8.0,6.0
TrOCR,11_2,0.0,"[0.0, 0.0, 0.0, 0.0]",1.0,1.1666666666666667,7.0,6.0
TrOCR,11_3,0.0,"[0.10526315789473684, 0.0, 0.0, 0.0]",0.9000876262522594,0.9047619047619048,19.0,21.0
TrOCR,11_4,0.0,"[0.0, 0.0, 0.0, 0.0]",1.0,1.3333333333333333,8.0,6.0
TrOCR,11_5,0.0,"[0.0, 0.0, 0.0, 0.0]",0.50041992036057,0.5909090909090909,13.0,22.0
TrOCR,11_6,0.0,"[0.0, 0.0, 0.0, 0.0]",1.0,2.1666666666666665,13.0,6.0
TrOCR,11_7,0.0,"[0.0, 0.0, 0.0, 0.0]",1.0,1.6666666666666667,10.0,6.0
TrOCR,11_8,0.0,"[0.0, 0.0, 0.0, 0.0]",1.0,1.7142857142857142,12.0,7.0
TrOCR,11_9,0.0,"[0.0, 0.0, 0.0, 0.0]",1.0,2.4285714285714284,17.0,7.0
TrOCR,11_10,0.0,"[0.0, 0.0, 0.0, 0.0]",1.0,2.0,12.0,6.0
TrOCR,11_11,0.0,"[0.1875, 0.06666666666666667, 0.0, 0.0]",0.6065306597126334,0.6666666666666666,16.0,24.0
TrOCR,11_12,0.0,"[0.0, 0.0, 0.0, 0.0]",1.0,1.1428571428571428,8.0,7.0
TrOCR,11_13,0.0,"[0.0, 0.0, 0.0, 0.0]",1.0,2.2857142857142856,16.0,7.0
TrOCR,12_0,0.0,"[0.0, 0.0, 0.0, 0.0]",0.0001080049678449793,0.09868421052631579,15.0,152.0
TrOCR,12_1,0.0,"[0.0, 0.0, 0.0, 0.0]",0.4493289641172217,0.5555555555555556,15.0,27.0
TrOCR,12_2,0.0,"[0.058823529411764705, 0.0, 0.0, 0.0]",0.8382234324229999,0.85,17.0,20.0
TrOCR,12_3,0.0,"[0.0, 0.0, 0.0, 0.0]",1.0,2.1666666666666665,13.0,6.0
TrOCR,12_4,0.0,"[0.0, 0.0, 0.0, 0.0]",1.0,2.0,10.0,5.0
TrOCR,12_5,0.0,"[0.0, 0.0, 0.0, 0.0]",1.0,2.6666666666666665,16.0,6.0
TrOCR,12_6,0.0,"[0.06666666666666667, 0.0, 0.0, 0.0]",0.4203503845086819,0.5357142857142857,15.0,28.0
TrOCR,12_7,0.0,"[0.1, 0.0, 0.0, 0.0]",0.6703200460356393,0.7142857142857143,20.0,28.0
TrOCR,12_8,0.0,"[0.0, 0.0, 0.0, 0.0]",0.48954165955695317,0.5833333333333334,14.0,24.0
TrOCR,12_9,0.0,"[0.2222222222222222, 0.0, 0.0, 0.0]",0.8007374029168082,0.8181818181818182,18.0,22.0
TrOCR,12_10,0.0,"[0.0, 0.0, 0.0, 0.0]",1.0,1.7142857142857142,12.0,7.0
TrOCR,12_11,0.0,"[0.0, 0.0, 0.0, 0.0]",1.0,1.1428571428571428,8.0,7.0
TrOCR,12_12,0.0,"[0.058823529411764705, 0.0, 0.0, 0.0]",0.6246347280002745,0.68,17.0,25.0
TrOCR,12_13,0.0,"[0.0, 0.0, 0.0, 0.0]",0.36787944117144233,0.5,12.0,24.0
TrOCR,13_0,0.0,"[0.0, 0.0, 0.0, 0.0]",0.0003557876582749985,0.1118421052631579,17.0,152.0
TrOCR,13_1,0.0,"[0.0, 0.0, 0.0, 0.0]",1.0,1.1428571428571428,8.0,7.0
TrOCR,13_2,0.0,"[0.0, 0.0, 0.0, 0.0]",1.0,1.375,11.0,8.0
TrOCR,13_3,0.0,"[0.0, 0.0, 0.0, 0.0]",0.8265654376242381,0.84,21.0,25.0
TrOCR,13_4,0.0,"[0.0, 0.0, 0.0, 0.0]",1.0,1.5714285714285714,11.0,7.0
TrOCR,13_5,0.0,"[0.0, 0.0, 0.0, 0.0]",0.7165313105737893,0.75,18.0,24.0
TrOCR,13_6,0.0,"[0.0, 0.0, 0.0, 0.0]",0.7165313105737893,0.75,15.0,20.0
TrOCR,13_7,0.0,"[0.0, 0.0, 0.0, 0.0]",1.0,1.2857142857142858,9.0,7.0
TrOCR,13_8,0.0,"[0.0, 0.0, 0.0, 0.0]",1.0,1.75,14.0,8.0
TrOCR,13_9,0.0,"[0.0, 0.0, 0.0, 0.0]",0.6778095780054504,0.72,18.0,25.0
TrOCR,13_10,0.0,"[0.0, 0.0, 0.0, 0.0]",0.18887560283756186,0.375,15.0,40.0
TrOCR,13_11,0.0,"[0.05555555555555555, 0.0, 0.0, 0.0]",0.8007374029168082,0.8181818181818182,18.0,22.0
TrOCR,13_12,0.0,"[0.0625, 0.0, 0.0, 0.0]",0.07243975703425146,0.27586206896551724,16.0,58.0
TrOCR,13_13,0.0,"[0.0, 0.0, 0.0, 0.0]",0.7788007830714049,0.8,8.0,10.0
TrOCR,14_0,0.0,"[0.0, 0.0, 0.0, 0.0]",1.7050700738489696e-13,0.03289473684210526,5.0,152.0
TrOCR,14_1,0.0,"[0.0, 0.0, 0.0, 0.0]",1.0,1.1428571428571428,8.0,7.0
TrOCR,14_2,0.0,"[0.0, 0.0, 0.0, 0.0]",0.4168620196785084,0.5333333333333333,16.0,30.0
TrOCR,14_3,0.0,"[0.05, 0.0, 0.0, 0.0]",0.951229424500714,0.9523809523809523,20.0,21.0
TrOCR,14_4,0.0,"[0.0, 0.0, 0.0, 0.0]",1.0,1.5,9.0,6.0
TrOCR,14_5,0.0,"[0.0, 0.0, 0.0, 0.0]",1.0,1.3333333333333333,8.0,6.0
TrOCR,14_6,0.0,"[0.0, 0.0, 0.0, 0.0]",1.0,1.2857142857142858,9.0,7.0
TrOCR,14_7,0.0,"[0.05263157894736842, 0.0, 0.0, 0.0]",0.4308026151974351,0.5428571428571428,19.0,35.0
TrOCR,14_8,0.0,"[0.06666666666666667, 0.0, 0.0, 0.0]",0.6270890852730561,0.6818181818181818,15.0,22.0
TrOCR,14_9,0.0,"[0.0, 0.0, 0.0, 0.0]",0.7026185226629954,0.7391304347826086,17.0,23.0
TrOCR,14_10,0.0,"[0.0, 0.0, 0.0, 0.0]",1.0,1.8333333333333333,11.0,6.0
TrOCR,14_11,0.0,"[0.0, 0.0, 0.0, 0.0]",0.5553063730019506,0.6296296296296297,17.0,27.0
TrOCR,14_12,0.0,"[0.0, 0.0, 0.0, 0.0]",1.0,1.1666666666666667,7.0,6.0
TrOCR,14_13,0.0,"[0.0, 0.0, 0.0, 0.0]",0.1353352832366127,0.3333333333333333,2.0,6.0
TrOCR,15_0,0.0,"[0.0, 0.0, 0.0, 0.0]",1.7050700738489696e-13,0.03289473684210526,5.0,152.0
TrOCR,15_1,0.0,"[0.0, 0.0, 0.0, 0.0]",0.4856717852477124,0.5806451612903226,18.0,31.0
TrOCR,15_2,0.0,"[0.0, 0.0, 0.0, 0.0]",1.0,2.6666666666666665,16.0,6.0
TrOCR,15_3,0.0,"[0.0, 0.0, 0.0, 0.0]",1.0,2.3333333333333335,14.0,6.0
TrOCR,15_4,0.0,"[0.0, 0.0, 0.0, 0.0]",1.0,1.5,9.0,6.0
TrOCR,15_5,0.0,"[0.0, 0.0, 0.0, 0.0]",1.0,1.4285714285714286,10.0,7.0
TrOCR,15_6,0.0,"[0.0, 0.0, 0.0, 0.0]",0.44374731008107987,0.5517241379310345,16.0,29.0
TrOCR,15_7,0.0,"[0.0, 0.0, 0.0, 0.0]",1.0,1.6666666666666667,10.0,6.0
TrOCR,15_8,0.0,"[0.0, 0.0, 0.0, 0.0]",0.3998496543448473,0.5217391304347826,12.0,23.0
TrOCR,15_9,0.0,"[0.0, 0.0, 0.0, 0.0]",1.0,1.3333333333333333,8.0,6.0
TrOCR,15_10,0.0,"[0.0, 0.0, 0.0, 0.0]",1.0,1.3333333333333333,8.0,6.0
TrOCR,15_11,0.0,"[0.0, 0.0, 0.0, 0.0]",1.0,1.0,6.0,6.0
TrOCR,15_12,0.0,"[0.0, 0.0, 0.0, 0.0]",1.0,1.3333333333333333,8.0,6.0
TrOCR,15_13,0.0,"[0.0, 0.0, 0.0, 0.0]",0.5235834657149969,0.6071428571428571,17.0,28.0
TrOCR,16_0,0.0,"[0.0, 0.0, 0.0, 0.0]",1.522997974471263e-08,0.05263157894736842,8.0,152.0
TrOCR,16_1,0.0,"[0.0, 0.0, 0.0, 0.0]",0.3219582715376759,0.46875,15.0,32.0
TrOCR,16_2,0.0,"[0.05555555555555555, 0.0, 0.0, 0.0]",0.9459594689067654,0.9473684210526315,18.0,19.0
TrOCR,16_3,0.0,"[0.0, 0.0, 0.0, 0.0]",0.6065306597126334,0.6666666666666666,14.0,21.0
TrOCR,16_4,0.0,"[0.0, 0.0, 0.0, 0.0]",1.0,1.2857142857142858,9.0,7.0
TrOCR,16_5,0.0,"[0.0, 0.0, 0.0, 0.0]",1.0,1.5,12.0,8.0
TrOCR,16_6,0.0,"[0.0, 0.0, 0.0, 0.0]",1.0,1.8571428571428572,13.0,7.0
TrOCR,16_7,0.0,"[0.0, 0.0, 0.0, 0.0]",1.0,1.5,9.0,6.0
TrOCR,16_8,0.0,"[0.058823529411764705, 0.0, 0.0, 0.0]",1.0,1.0,17.0,17.0
TrOCR,16_9,0.0,"[0.0, 0.0, 0.0, 0.0]",1.0,1.4285714285714286,10.0,7.0
TrOCR,16_10,0.0,"[0.0, 0.0, 0.0, 0.0]",1.0,1.4285714285714286,10.0,7.0
TrOCR,16_11,0.0,"[0.0, 0.0, 0.0, 0.0]",1.0,1.8571428571428572,13.0,7.0
TrOCR,16_12,0.0,"[0.0, 0.0, 0.0, 0.0]",0.26914634872918386,0.43243243243243246,16.0,37.0
TrOCR,16_13,0.0,"[0.0, 0.0, 0.0, 0.0]",0.0024787521766663585,0.14285714285714285,1.0,7.0
TrOCR,17_0,0.0,"[0.0, 0.0, 0.0, 0.0]",0.0001080049678449793,0.09868421052631579,15.0,152.0
TrOCR,17_1,0.0,"[0.0, 0.0, 0.0, 0.0]",1.0,1.375,11.0,8.0
TrOCR,17_2,0.0,"[0.11764705882352941, 0.0, 0.0, 0.0]",0.7451888170134805,0.7727272727272727,17.0,22.0
TrOCR,17_3,0.0,"[0.05263157894736842, 0.0, 0.0, 0.0]",1.0,1.0,19.0,19.0
TrOCR,17_4,0.0,"[0.0, 0.0, 0.0, 0.0]",1.0,1.2857142857142858,9.0,7.0
TrOCR,17_5,0.0,"[0.07142857142857142, 0.0, 0.0, 0.0]",0.42437284567694994,0.5384615384615384,14.0,26.0
TrOCR,17_6,0.0,"[0.0, 0.0, 0.0, 0.0]",1.0,1.4285714285714286,10.0,7.0
TrOCR,17_7,0.0,"[0.0, 0.0, 0.0, 0.0]",0.8382234324229999,0.85,17.0,20.0
TrOCR,17_8,0.0,"[0.0, 0.0, 0.0, 0.0]",1.0,1.0,15.0,15.0
TrOCR,17_9,0.0,"[0.0, 0.0, 0.0, 0.0]",0.8101577349324267,0.8260869565217391,19.0,23.0
TrOCR,17_10,0.0,"[0.0, 0.0, 0.0, 0.0]",1.0,1.4285714285714286,10.0,7.0
TrOCR,17_11,0.0,"[0.0, 0.0, 0.0, 0.0]",1.0,1.1428571428571428,8.0,7.0
TrOCR,17_12,0.0,"[0.0, 0.0, 0.0, 0.0]",0.8382234324229999,0.85,17.0,20.0
TrOCR,17_13,0.0,"[0.07142857142857142, 0.0, 0.0, 0.0]",0.6996725373751302,0.7368421052631579,14.0,19.0
TrOCR,18_0,0.0,"[0.0, 0.0, 0.0, 0.0]",2.7110302800490315e-06,0.07236842105263158,11.0,152.0
TrOCR,18_1,0.0,"[0.0, 0.0, 0.0, 0.0]",1.0,2.6666666666666665,16.0,6.0
TrOCR,18_2,0.0,"[0.0, 0.0, 0.0, 0.0]",1.0,2.4285714285714284,17.0,7.0
TrOCR,18_3,0.0,"[0.0, 0.0, 0.0, 0.0]",1.0,2.0,14.0,7.0
TrOCR,18_4,0.0,"[0.0, 0.0, 0.0, 0.0]",0.4856717852477124,0.5806451612903226,18.0,31.0
TrOCR,18_5,0.0,"[0.0, 0.0, 0.0, 0.0]",1.0,2.8333333333333335,17.0,6.0
TrOCR,18_6,0.0,"[0.0, 0.0, 0.0, 0.0]",1.0,1.6666666666666667,10.0,6.0
TrOCR,18_7,0.0,"[0.05263157894736842, 0.0, 0.0, 0.0]",0.5907775139012316,0.6551724137931034,19.0,29.0
TrOCR,18_8,0.0,"[0.0, 0.0, 0.0, 0.0]",0.1988141887380742,0.38235294117647056,13.0,34.0
TrOCR,18_9,0.0,"[0.0, 0.0, 0.0, 0.0]",1.0,1.5,9.0,6.0
TrOCR,18_10,0.0,"[0.1, 0.0, 0.0, 0.0]",0.2465969639416065,0.4166666666666667,10.0,24.0
TrOCR,18_11,0.0,"[0.0, 0.0, 0.0, 0.0]",0.48030530108979935,0.5769230769230769,15.0,26.0
TrOCR,18_12,0.0,"[0.0, 0.0, 0.0, 0.0]",0.8890097654027757,0.8947368421052632,17.0,19.0
TrOCR,18_13,0.0,"[0.09090909090909091, 0.0, 0.0, 0.0]",0.40289032152913307,0.5238095238095238,11.0,21.0
TrOCR,19_0,0.0,"[0.0, 0.0, 0.0, 0.0]",6.807981343976331e-07,0.06578947368421052,10.0,152.0
TrOCR,19_1,0.0,"[0.0, 0.0, 0.0, 0.0]",1.0,1.6666666666666667,10.0,6.0
TrOCR,19_2,0.0,"[0.0, 0.0, 0.0, 0.0]",1.0,1.5,9.0,6.0
TrOCR,19_3,0.0,"[0.0, 0.0, 0.0, 0.0]",1.0,1.8333333333333333,11.0,6.0
TrOCR,19_4,0.0,"[0.0, 0.0, 0.0, 0.0]",1.0,2.0,14.0,7.0
TrOCR,19_5,0.0,"[0.0, 0.0, 0.0, 0.0]",1.0,1.8333333333333333,11.0,6.0
TrOCR,19_6,0.0,"[0.0, 0.0, 0.0, 0.0]",0.38776010329632493,0.5135135135135135,19.0,37.0
TrOCR,19_7,0.0,"[0.0, 0.0, 0.0, 0.0]",0.5352614285189903,0.6153846153846154,16.0,26.0
TrOCR,19_8,0.0,"[0.0, 0.0, 0.0, 0.0]",0.6065306597126334,0.6666666666666666,14.0,21.0
TrOCR,19_9,0.0,"[0.0, 0.0, 0.0, 0.0]",1.0,1.6666666666666667,10.0,6.0
TrOCR,19_10,0.0,"[0.0, 0.0, 0.0, 0.0]",1.0,1.0,6.0,6.0
TrOCR,19_11,0.0,"[0.0, 0.0, 0.0, 0.0]",0.5769498103804866,0.6451612903225806,20.0,31.0
TrOCR,19_12,0.0,"[0.0, 0.0, 0.0, 0.0]",1.0,2.3333333333333335,14.0,6.0
TrOCR,19_13,0.0,"[0.0, 0.0, 0.0, 0.0]",0.7788007830714049,0.8,16.0,20.0
TrOCR,20_0,0.0,"[0.0, 0.0, 0.0, 0.0]",1.522997974471263e-08,0.05263157894736842,8.0,152.0
TrOCR,20_1,0.0,"[0.0, 0.0, 0.0, 0.0]",1.0,1.8333333333333333,11.0,6.0
TrOCR,20_2,0.0,"[0.0, 0.0, 0.0, 0.0]",0.8187307530779819,0.8333333333333334,5.0,6.0
TrOCR,20_3,0.0,"[0.0, 0.0, 0.0, 0.0]",1.0,1.8571428571428572,13.0,7.0
TrOCR,20_4,0.0,"[0.0, 0.0, 0.0, 0.0]",1.0,1.0,6.0,6.0
TrOCR,20_5,0.0,"[0.09523809523809523, 0.0, 0.0, 0.0]",0.8265654376242381,0.84,21.0,25.0
TrOCR,20_6,0.0,"[0.06666666666666667, 0.0, 0.0, 0.0]",0.7659283383646487,0.7894736842105263,15.0,19.0
TrOCR,20_7,0.0,"[0.0, 0.0, 0.0, 0.0]",1.0,1.8571428571428572,13.0,7.0
TrOCR,20_8,0.0,"[0.0, 0.0, 0.0, 0.0]",1.0,1.5714285714285714,11.0,7.0
TrOCR,20_9,0.0,"[0.0, 0.0, 0.0, 0.0]",0.645648526427892,0.6956521739130435,16.0,23.0
TrOCR,20_10,0.0,"[0.0, 0.0, 0.0, 0.0]",0.6872892787909722,0.7272727272727273,16.0,22.0
TrOCR,20_11,0.0,"[0.0, 0.0, 0.0, 0.0]",1.0,1.4285714285714286,10.0,7.0
TrOCR,20_12,0.0,"[0.0, 0.0, 0.0, 0.0]",1.0,2.1666666666666665,13.0,6.0
TrOCR,20_13,0.0,"[0.0, 0.0, 0.0, 0.0]",0.7451888170134805,0.7727272727272727,17.0,22.0
claude_one_example,1_0,0.19312453676943797,"[0.9295774647887324, 0.7, 0.5362318840579711, 0.38235294117647056]",0.31954886638666186,0.46710526315789475,71.0,152.0
claude_one_example,1_2,0.0,"[0.8571428571428571, 0.6666666666666666, 0.4, 0.0]",1.0,1.0,7.0,7.0
claude_one_example,1_3,0.7551475759603,"[0.9230769230769231, 0.84, 0.75, 0.6521739130434783]",0.9622687143632572,0.9629629629629629,26.0,27.0
claude_one_example,1_4,0.0,"[0.6153846153846154, 0.16666666666666666, 0.0, 0.0]",0.6807123983233854,0.7222222222222222,13.0,18.0
claude_one_example,1_5,0.0,"[0.7142857142857143, 0.5, 0.2, 0.0]",1.0,1.1666666666666667,7.0,6.0
claude_one_example,1_6,0.0,"[0.7142857142857143, 0.5, 0.2, 0.0]",1.0,1.0,7.0,7.0
claude_one_example,1_7,1.0,"[1.0, 1.0, 1.0, 1.0]",1.0,1.0,7.0,7.0
claude_one_example,1_8,1.0,"[1.0, 1.0, 1.0, 1.0]",1.0,1.0,7.0,7.0
claude_one_example,1_9,0.20477156411200442,"[0.42857142857142855, 0.2222222222222222, 0.15384615384615385, 0.12]",1.0,1.0769230769230769,28.0,26.0
claude_one_example,1_10,0.0,"[0.2777777777777778, 0.0, 0.0, 0.0]",0.9459594689067654,0.9473684210526315,18.0,19.0
claude_one_example,1_11,0.22329109218086562,"[0.5714285714285714, 0.3, 0.15789473684210525, 0.1111111111111111]",0.9534969548334766,0.9545454545454546,21.0,22.0
claude_one_example,1_12,1.0,"[1.0, 1.0, 1.0, 1.0]",1.0,1.0,6.0,6.0
claude_one_example,1_13,0.0,"[0.47619047619047616, 0.15, 0.05263157894736842, 0.0]",0.7165313105737893,0.75,21.0,28.0
claude_one_example,2_0,0.17548979579058757,"[0.8970588235294118, 0.6716417910447762, 0.5303030303030303, 0.4153846153846154]",0.2907492353099861,0.4473684210526316,68.0,152.0
claude_one_example,2_1,0.0,"[0.14285714285714285, 0.0, 0.0, 0.0]",1.0,3.5,7.0,2.0
claude_one_example,2_2,0.0,"[0.3333333333333333, 0.08695652173913043, 0.045454545454545456, 0.0]",0.846481724890614,0.8571428571428571,24.0,28.0
claude_one_example,2_3,0.17423523390328063,"[0.5294117647058824, 0.25, 0.2, 0.14285714285714285]",0.7026185226629954,0.7391304347826086,17.0,23.0
claude_one_example,2_4,0.0,"[0.55, 0.21052631578947367, 0.05555555555555555, 0.0]",1.0,1.0,20.0,20.0
claude_one_example,2_5,1.0,"[1.0, 1.0, 1.0, 1.0]",1.0,1.0,6.0,6.0
claude_one_example,2_6,0.0,"[0.5714285714285714, 0.3, 0.10526315789473684, 0.0]",0.8668778997501817,0.875,21.0,24.0
claude_one_example,2_7,0.0,"[0.4375, 0.13333333333333333, 0.0, 0.0]",0.7788007830714049,0.8,16.0,20.0
claude_one_example,2_8,0.0,"[0.45454545454545453, 0.09523809523809523, 0.05, 0.0]",0.9131007162822622,0.9166666666666666,22.0,24.0
claude_one_example,2_9,1.0,"[1.0, 1.0, 1.0, 1.0]",1.0,1.0,6.0,6.0
claude_one_example,2_10,0.0,"[0.8333333333333334, 0.6, 0.25, 0.0]",1.0,1.0,6.0,6.0
claude_one_example,2_11,0.0,"[0.47368421052631576, 0.05555555555555555, 0.0, 0.0]",0.8539396656235351,0.8636363636363636,19.0,22.0
claude_one_example,2_12,0.37736111118359983,"[0.6, 0.42105263157894735, 0.3333333333333333, 0.29411764705882354]",0.951229424500714,0.9523809523809523,20.0,21.0
claude_one_example,2_13,1.0,"[1.0, 1.0, 1.0, 1.0]",1.0,1.0,6.0,6.0
claude_one_example,2_14,0.0,"[0.3333333333333333, 0.08695652173913043, 0.045454545454545456, 0.0]",0.9591894571091382,0.96,24.0,25.0
claude_one_example,3_0,0.15470708522419327,"[0.8732394366197183, 0.5857142857142857, 0.4057971014492754, 0.2647058823529412]",0.31954886638666186,0.46710526315789475,71.0,152.0
claude_one_example,3_1,0.17096862609754862,"[0.45454545454545453, 0.23809523809523808, 0.15, 0.05263157894736842]",1.0,1.0,22.0,22.0
claude_one_example,3_2,0.0,"[0.36, 0.125, 0.043478260869565216, 0.0]",1.0,1.0416666666666667,25.0,24.0
claude_one_example,3_3,0.21879184350761877,"[0.5, 0.4, 0.2857142857142857, 0.23076923076923078]",0.645648526427892,0.6956521739130435,16.0,23.0
claude_one_example,3_4,1.0,"[1.0, 1.0, 1.0, 1.0]",1.0,1.0,6.0,6.0
claude_one_example,3_5,1.0,"[1.0, 1.0, 1.0, 1.0]",1.0,1.0,7.0,7.0
claude_one_example,3_6,0.0,"[0.6, 0.2631578947368421, 0.1111111111111111, 0.0]",1.0,1.0,20.0,20.0
claude_one_example,3_7,0.0,"[0.3793103448275862, 0.21428571428571427, 0.07407407407407407, 0.0]",1.0,1.0,29.0,29.0
claude_one_example,3_8,0.40931841311707223,"[0.7272727272727273, 0.5238095238095238, 0.35, 0.21052631578947367]",1.0,1.0,22.0,22.0
claude_one_example,3_9,1.0,"[1.0, 1.0, 1.0, 1.0]",1.0,1.0,6.0,6.0
claude_one_example,3_10,0.0,"[0.391304347826087, 0.13636363636363635, 0.0, 0.0]",0.9574533680683809,0.9583333333333334,23.0,24.0
claude_one_example,3_11,0.1457684614972261,"[0.3684210526315789, 0.16666666666666666, 0.11764705882352941, 0.0625]",1.0,1.0555555555555556,19.0,18.0
claude_one_example,3_12,0.0,"[0.42857142857142855, 0.07692307692307693, 0.0, 0.0]",0.6514390575310556,0.7,14.0,20.0
claude_one_example,3_13,0.17098323692758396,"[0.2222222222222222, 0.19230769230769232, 0.16, 0.125]",1.0,4.5,27.0,6.0
claude_one_example,4_0,0.15934474963968667,"[0.8333333333333334, 0.5774647887323944, 0.4142857142857143, 0.2753623188405797]",0.32919298780790557,0.47368421052631576,72.0,152.0
claude_one_example,4_1,0.0,"[0.8333333333333334, 0.6, 0.25, 0.0]",1.0,1.0,6.0,6.0
claude_one_example,4_2,0.0,"[0.5, 0.19047619047619047, 0.05, 0.0]",0.9555630362682843,0.9565217391304348,22.0,23.0
claude_one_example,4_3,0.25678404806291744,"[0.5, 0.32, 0.20833333333333334, 0.13043478260869565]",1.0,1.1304347826086956,26.0,23.0
claude_one_example,4_4,0.0,"[0.8333333333333334, 0.6, 0.25, 0.0]",1.0,1.0,6.0,6.0
claude_one_example,4_5,0.0,"[0.8333333333333334, 0.6, 0.25, 0.0]",1.0,1.0,6.0,6.0
claude_one_example,4_6,0.11640263522456148,"[0.45454545454545453, 0.19047619047619047, 0.1, 0.05263157894736842]",0.7967034698934615,0.8148148148148148,22.0,27.0
claude_one_example,4_7,0.0,"[0.7272727272727273, 0.4, 0.2222222222222222, 0.0]",0.5292133415000504,0.6111111111111112,11.0,18.0
claude_one_example,4_8,1.0,"[1.0, 1.0, 1.0, 1.0]",1.0,1.0,6.0,6.0
claude_one_example,4_9,0.488923022434901,"[0.8571428571428571, 0.6666666666666666, 0.4, 0.25]",1.0,1.0,7.0,7.0
claude_one_example,4_10,0.0,"[0.8333333333333334, 0.6, 0.25, 0.0]",0.846481724890614,0.8571428571428571,6.0,7.0
claude_one_example,4_11,0.14682665891059474,"[0.625, 0.3333333333333333, 0.21428571428571427, 0.07692307692307693]",0.6065306597126334,0.6666666666666666,16.0,24.0
claude_one_example,4_12,0.0,"[0.48, 0.20833333333333334, 0.08695652173913043, 0.0]",1.0,1.0416666666666667,25.0,24.0
claude_one_example,4_13,0.5647181220077593,"[1.0, 1.0, 1.0, 1.0]",0.5647181220077593,0.6363636363636364,7.0,11.0
claude_one_example,5_0,0.10627534252168076,"[0.8082191780821918, 0.4722222222222222, 0.2535211267605634, 0.1]",0.33885202178101986,0.48026315789473684,73.0,152.0
claude_one_example,5_1,0.0,"[1.0, 0.0, 0.0, 0.0]",1.0,1.0,1.0,1.0
claude_one_example,5_2,0.0,"[0.4583333333333333, 0.13043478260869565, 0.045454545454545456, 0.0]",0.7788007830714049,0.8,24.0,30.0
claude_one_example,5_3,0.0,"[0.2222222222222222, 0.07692307692307693, 0.0, 0.0]",0.9286029058931802,0.9310344827586207,27.0,29.0
claude_one_example,5_4,0.0,"[0.2, 0.0, 0.0, 0.0]",0.5866462195100318,0.6521739130434783,15.0,23.0
claude_one_example,5_5,0.0,"[0.6111111111111112, 0.29411764705882354, 0.125, 0.0]",0.846481724890614,0.8571428571428571,18.0,21.0
claude_one_example,5_6,0.0,"[0.42105263157894735, 0.1111111111111111, 0.0, 0.0]",0.9000876262522594,0.9047619047619048,19.0,21.0
claude_one_example,5_7,1.0,"[1.0, 1.0, 1.0, 1.0]",1.0,1.0,7.0,7.0
claude_one_example,5_8,0.0,"[0.6086956521739131, 0.13636363636363635, 0.047619047619047616, 0.0]",0.8046150583253528,0.8214285714285714,23.0,28.0
claude_one_example,5_9,0.0,"[0.43478260869565216, 0.09090909090909091, 0.0, 0.0]",0.9167169520254864,0.92,23.0,25.0
claude_one_example,5_10,1.0,"[1.0, 1.0, 1.0, 1.0]",1.0,1.0,6.0,6.0
claude_one_example,5_11,0.0,"[0.2222222222222222, 0.0, 0.0, 0.0]",0.7574651283969664,0.782608695652174,18.0,23.0
claude_one_example,5_12,0.0,"[0.45, 0.15789473684210525, 0.05555555555555555, 0.0]",0.8607079764250577,0.8695652173913043,20.0,23.0
claude_one_example,5_13,0.16679551613797314,"[0.45, 0.2631578947368421, 0.1111111111111111, 0.058823529411764705]",1.0,1.1111111111111112,20.0,18.0
claude_one_example,5_14,0.2303393170772995,"[0.6086956521739131, 0.2727272727272727, 0.19047619047619047, 0.15]",0.8777137332821822,0.8846153846153846,23.0,26.0
claude_one_example,6_0,0.19350933908359164,"[0.863013698630137, 0.625, 0.49295774647887325, 0.4]",0.33885202178101986,0.48026315789473684,73.0,152.0
claude_one_example,6_1,0.0,"[0.0, 0.0, 0.0, 0.0]",1.0,7.0,7.0,1.0
claude_one_example,6_2,0.3479731564184223,"[0.6190476190476191, 0.45, 0.3157894736842105, 0.16666666666666666]",1.0,1.0,21.0,21.0
claude_one_example,6_3,0.0,"[0.2777777777777778, 0.058823529411764705, 0.0, 0.0]",0.846481724890614,0.8571428571428571,18.0,21.0
claude_one_example,6_4,0.0,"[0.46153846153846156, 0.16666666666666666, 0.0, 0.0]",0.925961078642316,0.9285714285714286,13.0,14.0
claude_one_example,6_5,0.0,"[0.38461538461538464, 0.16666666666666666, 0.09090909090909091, 0.0]",0.7351414805916845,0.7647058823529411,13.0,17.0
claude_one_example,6_6,0.6434588841607617,"[0.8571428571428571, 0.6666666666666666, 0.6, 0.5]",1.0,1.0,7.0,7.0
claude_one_example,6_7,0.25138536201313944,"[0.6, 0.42857142857142855, 0.3076923076923077, 0.25]",0.6703200460356393,0.7142857142857143,15.0,21.0
claude_one_example,6_8,0.0,"[0.8571428571428571, 0.6666666666666666, 0.4, 0.0]",1.0,1.0,7.0,7.0
claude_one_example,6_9,0.0,"[0.5714285714285714, 0.3333333333333333, 0.2, 0.0]",0.8668778997501817,0.875,7.0,8.0
claude_one_example,6_10,0.0,"[0.38461538461538464, 0.08333333333333333, 0.0, 0.0]",0.4633693692311752,0.5652173913043478,13.0,23.0
claude_one_example,6_11,0.0,"[0.4666666666666667, 0.21428571428571427, 0.07692307692307693, 0.0]",0.7659283383646487,0.7894736842105263,15.0,19.0
claude_one_example,6_12,0.0,"[0.6428571428571429, 0.3076923076923077, 0.08333333333333333, 0.0]",0.8071177470053892,0.8235294117647058,14.0,17.0
claude_one_example,6_13,0.0,"[0.5714285714285714, 0.3333333333333333, 0.2, 0.0]",1.0,1.0,7.0,7.0
claude_one_example,6_14,0.0,"[0.3888888888888889, 0.17647058823529413, 0.0625, 0.0]",0.846481724890614,0.8571428571428571,18.0,21.0
claude_one_example,7_0,0.1327381431925551,"[0.9016393442622951, 0.6666666666666666, 0.5084745762711864, 0.39655172413793105]",0.2249666120475476,0.40131578947368424,61.0,152.0
claude_one_example,7_1,0.0,"[0.42857142857142855, 0.16666666666666666, 0.0, 0.0]",1.0,1.1666666666666667,7.0,6.0
claude_one_example,7_2,0.0,"[0.4166666666666667, 0.13043478260869565, 0.045454545454545456, 0.0]",0.8824969025845955,0.8888888888888888,24.0,27.0
claude_one_example,7_3,0.0,"[0.8333333333333334, 0.6, 0.25, 0.0]",0.846481724890614,0.8571428571428571,6.0,7.0
claude_one_example,7_4,0.0,"[0.4, 0.21052631578947367, 0.1111111111111111, 0.0]",0.9048374180359595,0.9090909090909091,20.0,22.0
claude_one_example,7_5,0.0,"[0.5714285714285714, 0.16666666666666666, 0.0, 0.0]",1.0,1.0,7.0,7.0
claude_one_example,7_6,0.0,"[0.75, 0.42857142857142855, 0.0, 0.0]",1.0,1.0,8.0,8.0
claude_one_example,7_7,1.0,"[1.0, 1.0, 1.0, 1.0]",1.0,1.0,6.0,6.0
claude_one_example,7_8,0.30603689509300896,"[0.5714285714285714, 0.35, 0.2631578947368421, 0.16666666666666666]",1.0,1.0,21.0,21.0
claude_one_example,7_9,0.0,"[0.5714285714285714, 0.3333333333333333, 0.2, 0.0]",1.0,1.0,7.0,7.0
claude_one_example,7_10,0.0,"[0.5714285714285714, 0.3333333333333333, 0.2, 0.0]",1.0,1.0,7.0,7.0
claude_one_example,7_11,0.0,"[0.5714285714285714, 0.3333333333333333, 0.2, 0.0]",1.0,1.0,7.0,7.0
claude_one_example,7_12,0.12439007351913621,"[0.5263157894736842, 0.3333333333333333, 0.11764705882352941, 0.0625]",0.6563555554708402,0.7037037037037037,19.0,27.0
claude_one_example,7_13,0.0,"[0.2777777777777778, 0.0, 0.0, 0.0]",1.0,1.0,18.0,18.0
claude_one_example,8_0,0.07355127998454189,"[0.9375, 0.4444444444444444, 0.20967741935483872, 0.08196721311475409]",0.25283959580474646,0.42105263157894735,64.0,152.0
claude_one_example,8_1,0.0,"[0.7142857142857143, 0.5, 0.2, 0.0]",1.0,1.1666666666666667,7.0,6.0
claude_one_example,8_2,0.0,"[0.48, 0.08333333333333333, 0.0, 0.0]",0.9231163463866358,0.9259259259259259,25.0,27.0
claude_one_example,8_3,0.2771028869947386,"[0.5925925925925926, 0.38461538461538464, 0.24, 0.125]",0.9636404443012863,0.9642857142857143,27.0,28.0
claude_one_example,8_4,0.0,"[0.3, 0.05263157894736842, 0.0, 0.0]",0.8607079764250577,0.8695652173913043,20.0,23.0
claude_one_example,8_5,0.0,"[0.48, 0.16666666666666666, 0.08695652173913043, 0.0]",0.8521437889662112,0.8620689655172413,25.0,29.0
claude_one_example,8_6,0.0,"[0.3333333333333333, 0.0, 0.0, 0.0]",0.6270890852730561,0.6818181818181818,15.0,22.0
claude_one_example,8_7,0.14267030358858288,"[0.42857142857142855, 0.2, 0.10526315789473684, 0.05555555555555555]",0.9534969548334766,0.9545454545454546,21.0,22.0
claude_one_example,8_8,0.25851471411956994,"[0.65, 0.47368421052631576, 0.3333333333333333, 0.17647058823529413]",0.7046880897187133,0.7407407407407407,20.0,27.0
claude_one_example,8_9,0.31700764910441087,"[0.6190476190476191, 0.45, 0.2631578947368421, 0.16666666666666666]",0.9534969548334766,0.9545454545454546,21.0,22.0
claude_one_example,8_10,0.3094986086785959,"[0.5416666666666666, 0.391304347826087, 0.22727272727272727, 0.19047619047619047]",1.0,1.0,24.0,24.0
claude_one_example,8_11,0.0,"[0.36, 0.16666666666666666, 0.043478260869565216, 0.0]",1.0,1.1363636363636365,25.0,22.0
claude_one_example,8_12,0.0,"[0.8571428571428571, 0.6666666666666666, 0.4, 0.0]",0.5647181220077593,0.6363636363636364,7.0,11.0
claude_one_example,8_13,0.0,"[0.75, 0.42857142857142855, 0.16666666666666666, 0.0]",1.0,1.0,8.0,8.0
claude_one_example,9_0,0.03221951777367476,"[0.9130434782608695, 0.5111111111111111, 0.25, 0.09302325581395349]",0.09982388196086008,0.3026315789473684,46.0,152.0
claude_one_example,9_1,1.0,"[1.0, 1.0, 1.0, 1.0]",1.0,1.0,7.0,7.0
claude_one_example,9_2,0.0,"[0.4074074074074074, 0.11538461538461539, 0.0, 0.0]",1.0,1.173913043478261,27.0,23.0
claude_one_example,9_3,0.0,"[0.8333333333333334, 0.6, 0.25, 0.0]",0.846481724890614,0.8571428571428571,6.0,7.0
claude_one_example,9_4,0.0,"[0.7142857142857143, 0.5, 0.2, 0.0]",1.0,1.0,7.0,7.0
claude_one_example,9_5,0.0,"[0.8571428571428571, 0.6666666666666666, 0.4, 0.0]",1.0,1.0,7.0,7.0
claude_one_example,9_6,1.0,"[1.0, 1.0, 1.0, 1.0]",1.0,1.0,7.0,7.0
claude_one_example,9_7,0.0,"[0.7142857142857143, 0.5, 0.2, 0.0]",1.0,1.0,7.0,7.0
claude_one_example,9_8,1.0,"[1.0, 1.0, 1.0, 1.0]",1.0,1.0,7.0,7.0
claude_one_example,9_9,0.0,"[0.5238095238095238, 0.2, 0.10526315789473684, 0.0]",0.788127627745311,0.8076923076923077,21.0,26.0
claude_one_example,9_10,0.0,"[0.0, 0.0, 0.0, 0.0]",0.6065306597126334,0.6666666666666666,12.0,18.0
claude_one_example,9_11,1.0,"[1.0, 1.0, 1.0, 1.0]",1.0,1.0,6.0,6.0
claude_one_example,9_12,0.0,"[0.2857142857142857, 0.05, 0.0, 0.0]",0.751477293075286,0.7777777777777778,21.0,27.0
claude_one_example,9_13,1.0,"[1.0, 1.0, 1.0, 1.0]",1.0,1.0,6.0,6.0
claude_one_example,10_0,0.12014890280761266,"[0.8548387096774194, 0.5737704918032787, 0.4166666666666667, 0.3389830508474576]",0.23419225386771747,0.40789473684210525,62.0,152.0
claude_one_example,10_1,1.0,"[1.0, 1.0, 1.0, 1.0]",1.0,1.0,6.0,6.0
claude_one_example,10_2,0.0,"[0.4166666666666667, 0.043478260869565216, 0.0, 0.0]",0.7788007830714049,0.8,24.0,30.0
claude_one_example,10_3,0.0,"[0.5714285714285714, 0.3333333333333333, 0.0, 0.0]",1.0,1.1666666666666667,7.0,6.0
claude_one_example,10_4,0.0,"[0.7142857142857143, 0.4, 0.05263157894736842, 0.0]",0.8668778997501817,0.875,21.0,24.0
claude_one_example,10_5,0.0,"[0.5714285714285714, 0.3333333333333333, 0.0, 0.0]",1.0,1.1666666666666667,7.0,6.0
claude_one_example,10_6,0.11244240791697317,"[0.42857142857142855, 0.2, 0.10526315789473684, 0.05555555555555555]",0.751477293075286,0.7777777777777778,21.0,27.0
claude_one_example,10_7,0.0,"[0.3, 0.0, 0.0, 0.0]",0.301194211912202,0.45454545454545453,10.0,22.0
claude_one_example,10_8,0.0,"[0.5714285714285714, 0.3333333333333333, 0.0, 0.0]",1.0,1.1666666666666667,7.0,6.0
claude_one_example,10_9,0.0,"[0.5714285714285714, 0.3333333333333333, 0.0, 0.0]",1.0,1.1666666666666667,7.0,6.0
claude_one_example,10_10,0.172681629186964,"[0.42105263157894735, 0.2222222222222222, 0.17647058823529413, 0.125]",0.8101577349324267,0.8260869565217391,19.0,23.0
claude_one_example,10_11,0.0,"[0.7142857142857143, 0.3333333333333333, 0.0, 0.0]",1.0,1.1666666666666667,7.0,6.0
claude_one_example,10_12,0.0,"[0.4, 0.14285714285714285, 0.07692307692307693, 0.0]",0.6703200460356393,0.7142857142857143,15.0,21.0
claude_one_example,10_13,0.1455757315999967,"[0.8181818181818182, 0.5, 0.3333333333333333, 0.125]",0.40289032152913307,0.5238095238095238,11.0,21.0
claude_one_example,11_0,0.2494494166994865,"[0.45569620253164556, 0.267515923566879, 0.20512820512820512, 0.15483870967741936]",1.0,1.0394736842105263,158.0,152.0
claude_one_example,11_1,0.0,"[0.5714285714285714, 0.3333333333333333, 0.0, 0.0]",1.0,1.1666666666666667,7.0,6.0
claude_one_example,11_2,1.0,"[1.0, 1.0, 1.0, 1.0]",1.0,1.0,6.0,6.0
claude_one_example,11_3,0.0,"[0.4, 0.07142857142857142, 0.0, 0.0]",0.6703200460356393,0.7142857142857143,15.0,21.0
claude_one_example,11_4,0.0,"[0.5714285714285714, 0.3333333333333333, 0.0, 0.0]",1.0,1.1666666666666667,7.0,6.0
claude_one_example,11_5,0.0,"[0.2857142857142857, 0.07692307692307693, 0.0, 0.0]",0.5647181220077593,0.6363636363636364,14.0,22.0
claude_one_example,11_6,0.0,"[0.5714285714285714, 0.3333333333333333, 0.0, 0.0]",1.0,1.1666666666666667,7.0,6.0
claude_one_example,11_7,0.0,"[0.7142857142857143, 0.5, 0.2, 0.0]",1.0,1.1666666666666667,7.0,6.0
claude_one_example,11_8,0.0,"[0.5714285714285714, 0.16666666666666666, 0.0, 0.0]",1.0,1.0,7.0,7.0
claude_one_example,11_9,0.0,"[0.5714285714285714, 0.16666666666666666, 0.0, 0.0]",1.0,1.0,7.0,7.0
claude_one_example,11_10,0.0,"[0.5714285714285714, 0.3333333333333333, 0.0, 0.0]",1.0,1.1666666666666667,7.0,6.0
claude_one_example,11_11,0.0,"[0.42105263157894735, 0.05555555555555555, 0.0, 0.0]",0.7686205265937356,0.7916666666666666,19.0,24.0
claude_one_example,11_12,0.0,"[0.5714285714285714, 0.3333333333333333, 0.0, 0.0]",1.0,1.0,7.0,7.0
claude_one_example,11_13,0.0,"[0.7142857142857143, 0.3333333333333333, 0.0, 0.0]",1.0,1.0,7.0,7.0
claude_one_example,12_0,0.16748328071266713,"[0.8767123287671232, 0.5833333333333334, 0.4084507042253521, 0.2857142857142857]",0.33885202178101986,0.48026315789473684,73.0,152.0
claude_one_example,12_1,0.0,"[0.5454545454545454, 0.2, 0.0, 0.0]",0.23350647909091338,0.4074074074074074,11.0,27.0
claude_one_example,12_2,0.0,"[0.4444444444444444, 0.125, 0.0, 0.0]",0.29457482831010734,0.45,9.0,20.0
claude_one_example,12_3,0.0,"[0.7142857142857143, 0.3333333333333333, 0.0, 0.0]",1.0,1.1666666666666667,7.0,6.0
claude_one_example,12_4,0.0,"[0.5714285714285714, 0.3333333333333333, 0.2, 0.0]",1.0,1.4,7.0,5.0
claude_one_example,12_5,0.0,"[0.42857142857142855, 0.16666666666666666, 0.0, 0.0]",1.0,1.1666666666666667,7.0,6.0
claude_one_example,12_6,0.11018590744187973,"[0.4444444444444444, 0.11538461538461539, 0.08, 0.041666666666666664]",0.9636404443012863,0.9642857142857143,27.0,28.0
claude_one_example,12_7,0.0,"[0.23809523809523808, 0.0, 0.0, 0.0]",0.7165313105737893,0.75,21.0,28.0
claude_one_example,12_8,0.0,"[0.4117647058823529, 0.1875, 0.0, 0.0]",0.6624801353939264,0.7083333333333334,17.0,24.0
claude_one_example,12_9,0.0,"[0.42857142857142855, 0.0, 0.0, 0.0]",0.9534969548334766,0.9545454545454546,21.0,22.0
claude_one_example,12_10,0.0,"[0.6666666666666666, 0.2, 0.0, 0.0]",0.846481724890614,0.8571428571428571,6.0,7.0
claude_one_example,12_11,0.0,"[0.5714285714285714, 0.3333333333333333, 0.2, 0.0]",1.0,1.0,7.0,7.0
claude_one_example,12_12,0.0,"[0.5333333333333333, 0.14285714285714285, 0.0, 0.0]",0.513417119032592,0.6,15.0,25.0
claude_one_example,12_13,0.0,"[0.6, 0.2631578947368421, 0.05555555555555555, 0.0]",0.8187307530779819,0.8333333333333334,20.0,24.0
claude_one_example,13_0,0.17380260974205075,"[0.4304635761589404, 0.2, 0.1342281879194631, 0.08108108108108109]",0.993399363978432,0.993421052631579,151.0,152.0
claude_one_example,13_1,0.0,"[0.7142857142857143, 0.5, 0.2, 0.0]",1.0,1.0,7.0,7.0
claude_one_example,13_2,0.0,"[0.7142857142857143, 0.3333333333333333, 0.2, 0.0]",0.8668778997501817,0.875,7.0,8.0
claude_one_example,13_3,0.0,"[0.4, 0.07142857142857142, 0.0, 0.0]",0.513417119032592,0.6,15.0,25.0
claude_one_example,13_4,0.0,"[0.7142857142857143, 0.5, 0.2, 0.0]",1.0,1.0,7.0,7.0
claude_one_example,13_5,0.0,"[0.5652173913043478, 0.13636363636363635, 0.0, 0.0]",0.9574533680683809,0.9583333333333334,23.0,24.0
claude_one_example,13_6,0.0,"[0.47368421052631576, 0.16666666666666666, 0.058823529411764705, 0.0]",0.9487294800164372,0.95,19.0,20.0
claude_one_example,13_7,0.0,"[0.7142857142857143, 0.5, 0.2, 0.0]",1.0,1.0,7.0,7.0
claude_one_example,13_8,0.39442436483275556,"[0.8571428571428571, 0.5, 0.4, 0.25]",0.8668778997501817,0.875,7.0,8.0
claude_one_example,13_9,0.11577300115982703,"[0.7142857142857143, 0.38461538461538464, 0.16666666666666666, 0.09090909090909091]",0.4557940183280172,0.56,14.0,25.0
claude_one_example,13_10,0.0,"[0.7142857142857143, 0.5, 0.2, 0.0]",0.008966268257436799,0.175,7.0,40.0
claude_one_example,13_11,0.0,"[0.5714285714285714, 0.3333333333333333, 0.0, 0.0]",0.11731916609425078,0.3181818181818182,7.0,22.0
claude_one_example,13_12,0.0,"[0.5333333333333333, 0.21428571428571427, 0.07692307692307693, 0.0]",0.056888238346101544,0.25862068965517243,15.0,58.0
claude_one_example,13_13,0.0,"[0.7142857142857143, 0.5, 0.2, 0.0]",0.6514390575310556,0.7,7.0,10.0
claude_one_example,14_0,0.1145074507451834,"[0.8833333333333333, 0.5932203389830508, 0.43103448275862066, 0.3508771929824561]",0.2158150833986898,0.39473684210526316,60.0,152.0
claude_one_example,14_1,0.6434588841607617,"[0.8571428571428571, 0.6666666666666666, 0.6, 0.5]",1.0,1.0,7.0,7.0
claude_one_example,14_2,0.0,"[0.3404255319148936, 0.13043478260869565, 0.022222222222222223, 0.0]",1.0,1.5666666666666667,47.0,30.0
claude_one_example,14_3,0.13327185295344932,"[0.5, 0.3076923076923077, 0.16666666666666666, 0.09090909090909091]",0.6065306597126334,0.6666666666666666,14.0,21.0
claude_one_example,14_4,0.0,"[0.42857142857142855, 0.16666666666666666, 0.0, 0.0]",1.0,1.1666666666666667,7.0,6.0
claude_one_example,14_5,1.0,"[1.0, 1.0, 1.0, 1.0]",1.0,1.0,6.0,6.0
claude_one_example,14_6,0.0,"[0.42857142857142855, 0.16666666666666666, 0.0, 0.0]",1.0,1.0,7.0,7.0
claude_one_example,14_7,0.0,"[0.5294117647058824, 0.25, 0.06666666666666667, 0.0]",0.34686364525689223,0.4857142857142857,17.0,35.0
claude_one_example,14_8,0.0,"[0.4, 0.14285714285714285, 0.0, 0.0]",0.6270890852730561,0.6818181818181818,15.0,22.0
claude_one_example,14_9,0.0,"[0.5, 0.2, 0.0, 0.0]",0.645648526427892,0.6956521739130435,16.0,23.0
claude_one_example,14_10,0.0,"[0.42857142857142855, 0.16666666666666666, 0.0, 0.0]",1.0,1.1666666666666667,7.0,6.0
claude_one_example,14_11,0.19655185506351994,"[0.52, 0.25, 0.17391304347826086, 0.09090909090909091]",0.9231163463866358,0.9259259259259259,25.0,27.0
claude_one_example,14_12,0.0,"[0.8333333333333334, 0.6, 0.25, 0.0]",1.0,1.0,6.0,6.0
claude_one_example,14_13,1.0,"[1.0, 1.0, 1.0, 1.0]",1.0,1.0,6.0,6.0
claude_one_example,15_0,0.19889086812491166,"[0.7303370786516854, 0.4772727272727273, 0.3448275862068966, 0.22093023255813954]",0.4926948960943648,0.5855263157894737,89.0,152.0
claude_one_example,15_1,0.0,"[0.19047619047619047, 0.0, 0.0, 0.0]",0.6211451576154515,0.6774193548387096,21.0,31.0
claude_one_example,15_2,1.0,"[1.0, 1.0, 1.0, 1.0]",1.0,1.0,6.0,6.0
claude_one_example,15_3,0.0,"[0.42857142857142855, 0.16666666666666666, 0.0, 0.0]",1.0,1.1666666666666667,7.0,6.0
claude_one_example,15_4,1.0,"[1.0, 1.0, 1.0, 1.0]",1.0,1.0,6.0,6.0
claude_one_example,15_5,0.0,"[0.7142857142857143, 0.3333333333333333, 0.0, 0.0]",1.0,1.0,7.0,7.0
claude_one_example,15_6,0.15037328832969854,"[0.75, 0.4, 0.2857142857142857, 0.15384615384615385]",0.44374731008107987,0.5517241379310345,16.0,29.0
claude_one_example,15_7,0.0,"[0.42857142857142855, 0.16666666666666666, 0.0, 0.0]",1.0,1.1666666666666667,7.0,6.0
claude_one_example,15_8,0.0,"[0.18181818181818182, 0.09523809523809523, 0.05, 0.0]",0.9555630362682843,0.9565217391304348,22.0,23.0
claude_one_example,15_9,0.0,"[0.42857142857142855, 0.16666666666666666, 0.0, 0.0]",1.0,1.1666666666666667,7.0,6.0
claude_one_example,15_10,0.0,"[0.42857142857142855, 0.16666666666666666, 0.0, 0.0]",1.0,1.1666666666666667,7.0,6.0
claude_one_example,15_11,0.0,"[0.7142857142857143, 0.5, 0.2, 0.0]",1.0,1.1666666666666667,7.0,6.0
claude_one_example,15_12,0.0,"[0.42857142857142855, 0.16666666666666666, 0.0, 0.0]",1.0,1.1666666666666667,7.0,6.0
claude_one_example,15_13,0.0,"[0.48, 0.16666666666666666, 0.043478260869565216, 0.0]",0.8869204367171576,0.8928571428571429,25.0,28.0
claude_one_example,16_0,0.19668972616257643,"[0.8846153846153846, 0.5584415584415584, 0.42105263157894735, 0.32]",0.3872371632498164,0.5131578947368421,78.0,152.0
claude_one_example,16_1,0.0,"[0.5789473684210527, 0.1111111111111111, 0.058823529411764705, 0.0]",0.5044883526787212,0.59375,19.0,32.0
claude_one_example,16_2,0.0,"[0.42857142857142855, 0.15384615384615385, 0.0, 0.0]",0.6996725373751302,0.7368421052631579,14.0,19.0
claude_one_example,16_3,0.0,"[0.35714285714285715, 0.07692307692307693, 0.0, 0.0]",0.6065306597126334,0.6666666666666666,14.0,21.0
claude_one_example,16_4,0.0,"[0.8333333333333334, 0.6, 0.25, 0.0]",0.846481724890614,0.8571428571428571,6.0,7.0
claude_one_example,16_5,0.0,"[0.5714285714285714, 0.16666666666666666, 0.0, 0.0]",0.8668778997501817,0.875,7.0,8.0
claude_one_example,16_6,0.0,"[0.42857142857142855, 0.16666666666666666, 0.0, 0.0]",1.0,1.0,7.0,7.0
claude_one_example,16_7,0.0,"[0.5714285714285714, 0.3333333333333333, 0.2, 0.0]",1.0,1.1666666666666667,7.0,6.0
claude_one_example,16_8,0.0,"[0.18181818181818182, 0.0, 0.0, 0.0]",0.5795782787848095,0.6470588235294118,11.0,17.0
claude_one_example,16_9,0.0,"[0.5714285714285714, 0.3333333333333333, 0.2, 0.0]",1.0,1.0,7.0,7.0
claude_one_example,16_10,0.0,"[0.5714285714285714, 0.3333333333333333, 0.2, 0.0]",1.0,1.0,7.0,7.0
claude_one_example,16_11,0.0,"[0.5714285714285714, 0.3333333333333333, 0.2, 0.0]",1.0,1.0,7.0,7.0
claude_one_example,16_12,0.12976399010829173,"[0.5, 0.2222222222222222, 0.11538461538461539, 0.08]",0.7251124219221319,0.7567567567567568,28.0,37.0
claude_one_example,16_13,0.0,"[0.7142857142857143, 0.5, 0.2, 0.0]",1.0,1.0,7.0,7.0
claude_one_example,17_0,0.16352410688949534,"[0.4409448818897638, 0.23015873015873015, 0.16, 0.0967741935483871]",0.8213134977946769,0.8355263157894737,127.0,152.0
claude_one_example,17_1,0.0,"[0.5714285714285714, 0.3333333333333333, 0.2, 0.0]",0.8668778997501817,0.875,7.0,8.0
claude_one_example,17_2,0.1280316249293292,"[0.4444444444444444, 0.17647058823529413, 0.125, 0.06666666666666667]",0.8007374029168082,0.8181818181818182,18.0,22.0
claude_one_example,17_3,0.0,"[0.375, 0.2, 0.07142857142857142, 0.0]",0.8290291181804004,0.8421052631578947,16.0,19.0
claude_one_example,17_4,0.0,"[0.5714285714285714, 0.3333333333333333, 0.2, 0.0]",1.0,1.0,7.0,7.0
claude_one_example,17_5,0.0,"[0.47058823529411764, 0.125, 0.0, 0.0]",0.5889513097505535,0.6538461538461539,17.0,26.0
claude_one_example,17_6,0.0,"[0.5714285714285714, 0.3333333333333333, 0.2, 0.0]",1.0,1.0,7.0,7.0
claude_one_example,17_7,0.0,"[0.2857142857142857, 0.0, 0.0, 0.0]",0.6514390575310556,0.7,14.0,20.0
claude_one_example,17_8,0.0,"[0.42857142857142855, 0.0, 0.0, 0.0]",0.31890655732397044,0.4666666666666667,7.0,15.0
claude_one_example,17_9,0.0,"[0.34615384615384615, 0.08, 0.0, 0.0]",1.0,1.1304347826086956,26.0,23.0
claude_one_example,17_10,0.4347208719449914,"[0.7142857142857143, 0.5, 0.4, 0.25]",1.0,1.0,7.0,7.0
claude_one_example,17_11,0.0,"[0.5714285714285714, 0.3333333333333333, 0.2, 0.0]",1.0,1.0,7.0,7.0
claude_one_example,17_12,0.3535271720449099,"[0.8461538461538461, 0.5833333333333334, 0.5454545454545454, 0.5]",0.5836454781435741,0.65,13.0,20.0
claude_one_example,17_13,0.0,"[0.23076923076923078, 0.0, 0.0, 0.0]",0.6303131865967199,0.6842105263157895,13.0,19.0
claude_one_example,18_0,0.12816578220571473,"[0.9310344827586207, 0.7368421052631579, 0.5892857142857143, 0.43636363636363634]",0.19776226427407143,0.3815789473684211,58.0,152.0
claude_one_example,18_1,0.0,"[0.42857142857142855, 0.16666666666666666, 0.0, 0.0]",1.0,1.1666666666666667,7.0,6.0
claude_one_example,18_2,0.488923022434901,"[0.8571428571428571, 0.6666666666666666, 0.4, 0.25]",1.0,1.0,7.0,7.0
claude_one_example,18_3,0.0,"[0.42857142857142855, 0.16666666666666666, 0.0, 0.0]",1.0,1.0,7.0,7.0
claude_one_example,18_4,0.0,"[0.5833333333333334, 0.2608695652173913, 0.045454545454545456, 0.0]",0.7470175003104325,0.7741935483870968,24.0,31.0
claude_one_example,18_5,0.0,"[0.42857142857142855, 0.16666666666666666, 0.0, 0.0]",1.0,1.1666666666666667,7.0,6.0
claude_one_example,18_6,0.0,"[0.42857142857142855, 0.16666666666666666, 0.0, 0.0]",1.0,1.1666666666666667,7.0,6.0
claude_one_example,18_7,0.0,"[0.5, 0.13043478260869565, 0.0, 0.0]",0.811936346150635,0.8275862068965517,24.0,29.0
claude_one_example,18_8,0.0,"[0.28, 0.041666666666666664, 0.0, 0.0]",0.6976763260710311,0.7352941176470589,25.0,34.0
claude_one_example,18_9,0.0,"[0.42857142857142855, 0.16666666666666666, 0.0, 0.0]",1.0,1.1666666666666667,7.0,6.0
claude_one_example,18_10,0.0,"[0.43478260869565216, 0.13636363636363635, 0.047619047619047616, 0.0]",0.9574533680683809,0.9583333333333334,23.0,24.0
claude_one_example,18_11,0.0,"[0.4117647058823529, 0.1875, 0.06666666666666667, 0.0]",0.5889513097505535,0.6538461538461539,17.0,26.0
claude_one_example,18_12,0.0,"[0.35714285714285715, 0.07692307692307693, 0.0, 0.0]",0.6996725373751302,0.7368421052631579,14.0,19.0
claude_one_example,18_13,0.0,"[0.3333333333333333, 0.07142857142857142, 0.0, 0.0]",0.6703200460356393,0.7142857142857143,15.0,21.0
claude_one_example,19_0,0.22933569514728047,"[0.8658536585365854, 0.5925925925925926, 0.4625, 0.35443037974683544]",0.4258540757488069,0.5394736842105263,82.0,152.0
claude_one_example,19_1,0.0,"[0.42857142857142855, 0.16666666666666666, 0.0, 0.0]",1.0,1.1666666666666667,7.0,6.0
claude_one_example,19_2,0.0,"[0.42857142857142855, 0.16666666666666666, 0.0, 0.0]",1.0,1.1666666666666667,7.0,6.0
claude_one_example,19_3,0.0,"[0.42857142857142855, 0.16666666666666666, 0.0, 0.0]",1.0,1.1666666666666667,7.0,6.0
claude_one_example,19_4,0.0,"[0.5714285714285714, 0.16666666666666666, 0.0, 0.0]",1.0,1.0,7.0,7.0
claude_one_example,19_5,0.0,"[0.42857142857142855, 0.16666666666666666, 0.0, 0.0]",1.0,1.1666666666666667,7.0,6.0
claude_one_example,19_6,0.17941279354765896,"[0.5925925925925926, 0.3076923076923077, 0.2, 0.125]",0.6904785504771092,0.7297297297297297,27.0,37.0
claude_one_example,19_7,0.0,"[0.3333333333333333, 0.13043478260869565, 0.045454545454545456, 0.0]",0.9200444146293233,0.9230769230769231,24.0,26.0
claude_one_example,19_8,0.0,"[0.25, 0.0, 0.0, 0.0]",0.4723665527410147,0.5714285714285714,12.0,21.0
claude_one_example,19_9,0.0,"[0.42857142857142855, 0.16666666666666666, 0.0, 0.0]",1.0,1.1666666666666667,7.0,6.0
claude_one_example,19_10,0.0,"[0.42857142857142855, 0.16666666666666666, 0.0, 0.0]",1.0,1.1666666666666667,7.0,6.0
claude_one_example,19_11,0.0,"[0.41935483870967744, 0.06666666666666667, 0.0, 0.0]",1.0,1.0,31.0,31.0
claude_one_example,19_12,0.0,"[0.42857142857142855, 0.16666666666666666, 0.0, 0.0]",1.0,1.1666666666666667,7.0,6.0
claude_one_example,19_13,0.0,"[0.4117647058823529, 0.0, 0.0, 0.0]",0.8382234324229999,0.85,17.0,20.0
claude_one_example,20_0,0.16460691041449588,"[0.7368421052631579, 0.5066666666666667, 0.3918918918918919, 0.273972602739726]",0.36787944117144233,0.5,76.0,152.0
claude_one_example,20_1,0.0,"[0.42857142857142855, 0.16666666666666666, 0.0, 0.0]",1.0,1.1666666666666667,7.0,6.0
claude_one_example,20_2,0.0,"[0.42857142857142855, 0.16666666666666666, 0.0, 0.0]",1.0,1.1666666666666667,7.0,6.0
claude_one_example,20_3,1.0,"[1.0, 1.0, 1.0, 1.0]",1.0,1.0,7.0,7.0
claude_one_example,20_4,0.0,"[0.42857142857142855, 0.16666666666666666, 0.0, 0.0]",1.0,1.1666666666666667,7.0,6.0
claude_one_example,20_5,0.0,"[0.14285714285714285, 0.0, 0.0, 0.0]",0.07642628699076812,0.28,7.0,25.0
claude_one_example,20_6,0.0,"[0.375, 0.13333333333333333, 0.07142857142857142, 0.0]",0.8290291181804004,0.8421052631578947,16.0,19.0
claude_one_example,20_7,0.0,"[0.42857142857142855, 0.16666666666666666, 0.0, 0.0]",1.0,1.0,7.0,7.0
claude_one_example,20_8,0.0,"[0.5714285714285714, 0.16666666666666666, 0.0, 0.0]",1.0,1.0,7.0,7.0
claude_one_example,20_9,0.0,"[0.6, 0.3157894736842105, 0.1111111111111111, 0.0]",0.8607079764250577,0.8695652173913043,20.0,23.0
claude_one_example,20_10,0.14218094898991454,"[0.625, 0.26666666666666666, 0.14285714285714285, 0.07692307692307693]",0.6872892787909722,0.7272727272727273,16.0,22.0
claude_one_example,20_11,0.0,"[0.42857142857142855, 0.16666666666666666, 0.0, 0.0]",1.0,1.0,7.0,7.0
claude_one_example,20_12,0.0,"[0.5714285714285714, 0.3333333333333333, 0.2, 0.0]",1.0,1.1666666666666667,7.0,6.0
claude_one_example,20_13,0.30749911719882217,"[0.7857142857142857, 0.6153846153846154, 0.5, 0.36363636363636365]",0.5647181220077593,0.6363636363636364,14.0,22.0
gpt_two_example,1_0,0.4225541782847075,"[0.9067796610169492, 0.6923076923076923, 0.47413793103448276, 0.3391304347826087]",0.7496599365423304,0.7763157894736842,118.0,152.0
gpt_two_example,1_2,1.0,"[1.0, 1.0, 1.0, 1.0]",1.0,1.0,7.0,7.0
gpt_two_example,1_4,0.0,"[0.5555555555555556, 0.17647058823529413, 0.0, 0.0]",1.0,1.0,18.0,18.0
gpt_two_example,1_5,1.0,"[1.0, 1.0, 1.0, 1.0]",1.0,1.0,6.0,6.0
gpt_two_example,1_6,1.0,"[1.0, 1.0, 1.0, 1.0]",1.0,1.0,7.0,7.0
gpt_two_example,1_7,1.0,"[1.0, 1.0, 1.0, 1.0]",1.0,1.0,7.0,7.0
gpt_two_example,1_8,1.0,"[1.0, 1.0, 1.0, 1.0]",1.0,1.0,7.0,7.0
gpt_two_example,1_9,0.2578534333405251,"[0.6, 0.2916666666666667, 0.21739130434782608, 0.13636363636363635]",0.9607894391523232,0.9615384615384616,25.0,26.0
gpt_two_example,1_10,0.0,"[0.5, 0.058823529411764705, 0.0, 0.0]",0.9459594689067654,0.9473684210526315,18.0,19.0
gpt_two_example,1_11,0.15835311315420533,"[0.5789473684210527, 0.2777777777777778, 0.11764705882352941, 0.0625]",0.8539396656235351,0.8636363636363636,19.0,22.0
gpt_two_example,1_12,1.0,"[1.0, 1.0, 1.0, 1.0]",1.0,1.0,6.0,6.0
gpt_two_example,1_13,0.0,"[0.5454545454545454, 0.19047619047619047, 0.05, 0.0]",0.7613003866968737,0.7857142857142857,22.0,28.0
gpt_two_example,2_0,0.24206162242846221,"[0.9354838709677419, 0.5760869565217391, 0.3626373626373626, 0.2222222222222222]",0.5302489837168286,0.6118421052631579,93.0,152.0
gpt_two_example,2_1,0.0,"[1.0, 0.0, 0.0, 0.0]",0.36787944117144233,0.5,1.0,2.0
gpt_two_example,2_2,0.12309629139870541,"[0.5454545454545454, 0.23809523809523808, 0.1, 0.05263157894736842]",0.7613003866968737,0.7857142857142857,22.0,28.0
gpt_two_example,2_3,0.1376106269900247,"[0.5555555555555556, 0.23529411764705882, 0.125, 0.06666666666666667]",0.7574651283969664,0.782608695652174,18.0,23.0
gpt_two_example,2_4,0.0,"[0.5, 0.29411764705882354, 0.125, 0.0]",0.8948393168143697,0.9,18.0,20.0
gpt_two_example,2_5,1.0,"[1.0, 1.0, 1.0, 1.0]",1.0,1.0,6.0,6.0
gpt_two_example,2_6,0.3785337839658646,"[0.7083333333333334, 0.4782608695652174, 0.3181818181818182, 0.19047619047619047]",1.0,1.0,24.0,24.0
gpt_two_example,2_7,0.3638074228571147,"[0.8125, 0.5333333333333333, 0.35714285714285715, 0.3076923076923077]",0.7788007830714049,0.8,16.0,20.0
gpt_two_example,2_8,0.34756561191481233,"[0.6538461538461539, 0.44, 0.2916666666666667, 0.17391304347826086]",1.0,1.0833333333333333,26.0,24.0
gpt_two_example,2_9,1.0,"[1.0, 1.0, 1.0, 1.0]",1.0,1.0,6.0,6.0
gpt_two_example,2_10,1.0,"[1.0, 1.0, 1.0, 1.0]",1.0,1.0,6.0,6.0
gpt_two_example,2_11,0.16573793265932554,"[0.5789473684210527, 0.3333333333333333, 0.11764705882352941, 0.0625]",0.8539396656235351,0.8636363636363636,19.0,22.0
gpt_two_example,2_12,0.0,"[0.6, 0.21052631578947367, 0.1111111111111111, 0.0]",0.951229424500714,0.9523809523809523,20.0,21.0
gpt_two_example,2_13,1.0,"[1.0, 1.0, 1.0, 1.0]",1.0,1.0,6.0,6.0
gpt_two_example,2_14,0.0,"[0.4, 0.10526315789473684, 0.05555555555555555, 0.0]",0.7788007830714049,0.8,20.0,25.0
gpt_two_example,3_0,0.0,"[0.0, 0.0, 0.0, 0.0]",0.00975837264521781,0.17763157894736842,27.0,152.0
gpt_two_example,3_1,0.21510618470971102,"[0.5416666666666666, 0.30434782608695654, 0.13636363636363635, 0.09523809523809523]",1.0,1.0909090909090908,24.0,22.0
gpt_two_example,3_2,0.135977963438349,"[0.5, 0.2222222222222222, 0.07692307692307693, 0.04]",1.0,1.1666666666666667,28.0,24.0
gpt_two_example,3_3,0.1649113181004277,"[0.6111111111111112, 0.29411764705882354, 0.1875, 0.06666666666666667]",0.7574651283969664,0.782608695652174,18.0,23.0
gpt_two_example,3_4,1.0,"[1.0, 1.0, 1.0, 1.0]",1.0,1.0,6.0,6.0
gpt_two_example,3_5,1.0,"[1.0, 1.0, 1.0, 1.0]",1.0,1.0,7.0,7.0
gpt_two_example,3_6,0.26187381983895675,"[0.7894736842105263, 0.5, 0.23529411764705882, 0.0625]",0.9487294800164372,0.95,19.0,20.0
gpt_two_example,3_7,0.18930563409375128,"[0.4642857142857143, 0.25925925925925924, 0.15384615384615385, 0.08]",0.9649159443723702,0.9655172413793104,28.0,29.0
gpt_two_example,3_8,0.19857943409196785,"[0.5909090909090909, 0.3333333333333333, 0.15, 0.05263157894736842]",1.0,1.0,22.0,22.0
gpt_two_example,3_9,1.0,"[1.0, 1.0, 1.0, 1.0]",1.0,1.0,6.0,6.0
gpt_two_example,3_10,0.13877907292814898,"[0.6470588235294118, 0.3125, 0.13333333333333333, 0.07142857142857142]",0.6624801353939264,0.7083333333333334,17.0,24.0
gpt_two_example,3_11,0.0,"[0.23529411764705882, 0.0625, 0.0, 0.0]",0.9428731438548749,0.9444444444444444,17.0,18.0
gpt_two_example,3_12,0.0,"[0.4, 0.21428571428571427, 0.07692307692307693, 0.0]",0.7165313105737893,0.75,15.0,20.0
gpt_two_example,3_13,1.0,"[1.0, 1.0, 1.0, 1.0]",1.0,1.0,6.0,6.0
gpt_two_example,4_0,0.0,"[0.0, 0.0, 0.0, 0.0]",0.00975837264521781,0.17763157894736842,27.0,152.0
gpt_two_example,4_1,0.0,"[0.8333333333333334, 0.6, 0.25, 0.0]",1.0,1.0,6.0,6.0
gpt_two_example,4_2,0.23713320246552005,"[0.6086956521739131, 0.2727272727272727, 0.19047619047619047, 0.1]",1.0,1.0,23.0,23.0
gpt_two_example,4_3,0.2989834108541526,"[0.6666666666666666, 0.4, 0.2631578947368421, 0.16666666666666666]",0.909156442876713,0.9130434782608695,21.0,23.0
gpt_two_example,4_4,1.0,"[1.0, 1.0, 1.0, 1.0]",1.0,1.0,6.0,6.0
gpt_two_example,4_5,0.0,"[0.8333333333333334, 0.6, 0.25, 0.0]",1.0,1.0,6.0,6.0
gpt_two_example,4_6,0.1829121113876433,"[0.52, 0.25, 0.13043478260869565, 0.09090909090909091]",0.9231163463866358,0.9259259259259259,25.0,27.0
gpt_two_example,4_7,0.2625788840074119,"[0.9090909090909091, 0.6, 0.4444444444444444, 0.25]",0.5292133415000504,0.6111111111111112,11.0,18.0
gpt_two_example,4_8,1.0,"[1.0, 1.0, 1.0, 1.0]",1.0,1.0,6.0,6.0
gpt_two_example,4_9,1.0,"[1.0, 1.0, 1.0, 1.0]",1.0,1.0,7.0,7.0
gpt_two_example,4_10,1.0,"[1.0, 1.0, 1.0, 1.0]",1.0,1.0,7.0,7.0
gpt_two_example,4_11,0.17006817160812804,"[0.5625, 0.3333333333333333, 0.21428571428571427, 0.15384615384615385]",0.6065306597126334,0.6666666666666666,16.0,24.0
gpt_two_example,4_12,0.15959161443720957,"[0.5238095238095238, 0.25, 0.15789473684210525, 0.05555555555555555]",0.8668778997501817,0.875,21.0,24.0
gpt_two_example,4_13,0.5647181220077593,"[1.0, 1.0, 1.0, 1.0]",0.5647181220077593,0.6363636363636364,7.0,11.0
gpt_two_example,5_0,0.0,"[0.0, 0.0, 0.0, 0.0]",0.03109873190789176,0.2236842105263158,34.0,152.0
gpt_two_example,5_1,0.0,"[1.0, 0.0, 0.0, 0.0]",1.0,1.0,1.0,1.0
gpt_two_example,5_2,0.08420814467312655,"[0.27586206896551724, 0.14035087719298245, 0.07142857142857142, 0.01818181818181818]",1.0,1.9333333333333333,58.0,30.0
gpt_two_example,5_3,0.10352425722861239,"[0.4090909090909091, 0.19047619047619047, 0.1, 0.05263157894736842]",0.7274705090242835,0.7586206896551724,22.0,29.0
gpt_two_example,5_4,0.0,"[0.5882352941176471, 0.25, 0.0, 0.0]",0.7026185226629954,0.7391304347826086,17.0,23.0
gpt_two_example,5_5,0.0,"[0.5625, 0.2, 0.07142857142857142, 0.0]",0.7316156289466418,0.7619047619047619,16.0,21.0
gpt_two_example,5_6,0.29268089450923396,"[0.6842105263157895, 0.4444444444444444, 0.29411764705882354, 0.125]",0.9000876262522594,0.9047619047619048,19.0,21.0
gpt_two_example,5_7,1.0,"[1.0, 1.0, 1.0, 1.0]",1.0,1.0,7.0,7.0
gpt_two_example,5_8,0.5151724781306193,"[0.8, 0.6666666666666666, 0.5217391304347826, 0.4090909090909091]",0.8869204367171576,0.8928571428571429,25.0,28.0
gpt_two_example,5_9,0.20015392096614926,"[0.5789473684210527, 0.3333333333333333, 0.23529411764705882, 0.125]",0.729212952525235,0.76,19.0,25.0
gpt_two_example,5_10,1.0,"[1.0, 1.0, 1.0, 1.0]",1.0,1.0,6.0,6.0
gpt_two_example,5_11,0.3696587248734403,"[0.631578947368421, 0.4444444444444444, 0.4117647058823529, 0.375]",0.8101577349324267,0.8260869565217391,19.0,23.0
gpt_two_example,5_12,0.3083012995502152,"[0.5217391304347826, 0.36363636363636365, 0.23809523809523808, 0.2]",1.0,1.0,23.0,23.0
gpt_two_example,5_13,0.0,"[0.38095238095238093, 0.25, 0.10526315789473684, 0.0]",1.0,1.1666666666666667,21.0,18.0
gpt_two_example,5_14,0.2868721972332604,"[0.5769230769230769, 0.36, 0.25, 0.13043478260869565]",1.0,1.0,26.0,26.0
gpt_two_example,6_0,0.0,"[0.0, 0.0, 0.0, 0.0]",0.03109873190789176,0.2236842105263158,34.0,152.0
gpt_two_example,6_1,0.0,"[0.0, 0.0, 0.0, 0.0]",1.0,35.0,35.0,1.0
gpt_two_example,6_2,0.43021236941942204,"[0.5652173913043478, 0.45454545454545453, 0.38095238095238093, 0.35]",1.0,1.0952380952380953,23.0,21.0
gpt_two_example,6_3,0.0,"[0.45454545454545453, 0.19047619047619047, 0.05, 0.0]",1.0,1.0476190476190477,22.0,21.0
gpt_two_example,6_4,0.0,"[0.4166666666666667, 0.09090909090909091, 0.0, 0.0]",0.846481724890614,0.8571428571428571,12.0,14.0
gpt_two_example,6_5,0.0,"[0.29411764705882354, 0.125, 0.06666666666666667, 0.0]",1.0,1.0,17.0,17.0
gpt_two_example,6_6,0.6434588841607617,"[0.8571428571428571, 0.6666666666666666, 0.6, 0.5]",1.0,1.0,7.0,7.0
gpt_two_example,6_7,0.2624087769829643,"[0.7368421052631579, 0.3333333333333333, 0.23529411764705882, 0.125]",0.9000876262522594,0.9047619047619048,19.0,21.0
gpt_two_example,6_8,0.0,"[0.8571428571428571, 0.6666666666666666, 0.4, 0.0]",1.0,1.0,7.0,7.0
gpt_two_example,6_9,1.0,"[1.0, 1.0, 1.0, 1.0]",1.0,1.0,8.0,8.0
gpt_two_example,6_10,0.4228263945545099,"[0.6666666666666666, 0.5, 0.42105263157894735, 0.3333333333333333]",0.909156442876713,0.9130434782608695,21.0,23.0
gpt_two_example,6_11,0.0,"[0.5555555555555556, 0.23529411764705882, 0.0, 0.0]",0.9459594689067654,0.9473684210526315,18.0,19.0
gpt_two_example,6_12,0.0,"[0.5, 0.06666666666666667, 0.0, 0.0]",0.9394130628134758,0.9411764705882353,16.0,17.0
gpt_two_example,6_13,1.0,"[1.0, 1.0, 1.0, 1.0]",1.0,1.0,7.0,7.0
gpt_two_example,6_14,0.0,"[0.25, 0.05263157894736842, 0.0, 0.0]",0.951229424500714,0.9523809523809523,20.0,21.0
gpt_two_example,7_0,0.054988544025918455,"[0.17857142857142858, 0.06374501992031872, 0.04, 0.020080321285140562]",1.0,1.6578947368421053,252.0,152.0
gpt_two_example,7_1,0.0,"[0.8333333333333334, 0.6, 0.25, 0.0]",1.0,1.0,6.0,6.0
gpt_two_example,7_2,0.0,"[0.4583333333333333, 0.08695652173913043, 0.0, 0.0]",0.8824969025845955,0.8888888888888888,24.0,27.0
gpt_two_example,7_3,1.0,"[1.0, 1.0, 1.0, 1.0]",1.0,1.0,7.0,7.0
gpt_two_example,7_4,0.3018456483245177,"[0.6, 0.42105263157894735, 0.2777777777777778, 0.17647058823529413]",0.9048374180359595,0.9090909090909091,20.0,22.0
gpt_two_example,7_5,0.0,"[0.7142857142857143, 0.3333333333333333, 0.2, 0.0]",1.0,1.0,7.0,7.0
gpt_two_example,7_6,0.5946035575013605,"[0.875, 0.7142857142857143, 0.5, 0.4]",1.0,1.0,8.0,8.0
gpt_two_example,7_7,0.5789300674674098,"[1.0, 0.75, 0.6666666666666666, 0.5]",0.8187307530779819,0.8333333333333334,5.0,6.0
gpt_two_example,7_8,0.0,"[0.47619047619047616, 0.25, 0.10526315789473684, 0.0]",1.0,1.0,21.0,21.0
gpt_two_example,7_9,1.0,"[1.0, 1.0, 1.0, 1.0]",1.0,1.0,7.0,7.0
gpt_two_example,7_10,1.0,"[1.0, 1.0, 1.0, 1.0]",1.0,1.0,7.0,7.0
gpt_two_example,7_11,0.6731821382417487,"[1.0, 0.8, 0.75, 0.6666666666666666]",0.846481724890614,0.8571428571428571,6.0,7.0
gpt_two_example,7_12,0.22128549739281753,"[0.7142857142857143, 0.45, 0.21052631578947367, 0.1111111111111111]",0.751477293075286,0.7777777777777778,21.0,27.0
gpt_two_example,7_13,0.0,"[0.42105263157894735, 0.2222222222222222, 0.058823529411764705, 0.0]",1.0,1.0555555555555556,19.0,18.0
gpt_two_example,8_0,0.18621936009368076,"[0.8585858585858586, 0.4387755102040816, 0.23711340206185566, 0.11458333333333333]",0.5854622719415307,0.6513157894736842,99.0,152.0
gpt_two_example,8_1,0.0,"[0.7142857142857143, 0.5, 0.2, 0.0]",1.0,1.1666666666666667,7.0,6.0
gpt_two_example,8_2,0.33108554878146584,"[0.7727272727272727, 0.5238095238095238, 0.35, 0.21052631578947367]",0.7967034698934615,0.8148148148148148,22.0,27.0
gpt_two_example,8_3,0.27768509941978464,"[0.7142857142857143, 0.45, 0.3157894736842105, 0.2222222222222222]",0.7165313105737893,0.75,21.0,28.0
gpt_two_example,8_4,0.0,"[0.6111111111111112, 0.29411764705882354, 0.125, 0.0]",0.7574651283969664,0.782608695652174,18.0,23.0
gpt_two_example,8_5,0.0,"[0.36, 0.125, 0.043478260869565216, 0.0]",0.8521437889662112,0.8620689655172413,25.0,29.0
gpt_two_example,8_6,0.0,"[0.10526315789473684, 0.0, 0.0, 0.0]",0.8539396656235351,0.8636363636363636,19.0,22.0
gpt_two_example,8_7,0.29193551542671065,"[0.6, 0.3684210526315789, 0.2777777777777778, 0.17647058823529413]",0.9048374180359595,0.9090909090909091,20.0,22.0
gpt_two_example,8_8,0.0,"[0.4782608695652174, 0.18181818181818182, 0.047619047619047616, 0.0]",0.8403699701308981,0.8518518518518519,23.0,27.0
gpt_two_example,8_9,0.2255108500275558,"[0.6111111111111112, 0.4117647058823529, 0.1875, 0.13333333333333333]",0.8007374029168082,0.8181818181818182,18.0,22.0
gpt_two_example,8_10,0.4666756931662376,"[0.6666666666666666, 0.5217391304347826, 0.4090909090909091, 0.3333333333333333]",1.0,1.0,24.0,24.0
gpt_two_example,8_11,0.3159148237572417,"[0.56, 0.375, 0.2608695652173913, 0.18181818181818182]",1.0,1.1363636363636365,25.0,22.0
gpt_two_example,8_12,0.5647181220077593,"[1.0, 1.0, 1.0, 1.0]",0.5647181220077593,0.6363636363636364,7.0,11.0
gpt_two_example,8_13,1.0,"[1.0, 1.0, 1.0, 1.0]",1.0,1.0,8.0,8.0
gpt_two_example,9_0,0.2958017954718952,"[0.9067796610169492, 0.5213675213675214, 0.3103448275862069, 0.16521739130434782]",0.7496599365423304,0.7763157894736842,118.0,152.0
gpt_two_example,9_1,0.0,"[0.8571428571428571, 0.6666666666666666, 0.4, 0.0]",1.0,1.0,7.0,7.0
gpt_two_example,9_2,0.4530799450827704,"[0.6923076923076923, 0.56, 0.4166666666666667, 0.2608695652173913]",1.0,1.1304347826086956,26.0,23.0
gpt_two_example,9_3,1.0,"[1.0, 1.0, 1.0, 1.0]",1.0,1.0,7.0,7.0
gpt_two_example,9_4,0.0,"[0.8571428571428571, 0.6666666666666666, 0.4, 0.0]",1.0,1.0,7.0,7.0
gpt_two_example,9_5,1.0,"[1.0, 1.0, 1.0, 1.0]",1.0,1.0,7.0,7.0
gpt_two_example,9_6,1.0,"[1.0, 1.0, 1.0, 1.0]",1.0,1.0,7.0,7.0
gpt_two_example,9_7,1.0,"[1.0, 1.0, 1.0, 1.0]",1.0,1.0,7.0,7.0
gpt_two_example,9_8,1.0,"[1.0, 1.0, 1.0, 1.0]",1.0,1.0,7.0,7.0
gpt_two_example,9_9,0.23207782287198164,"[0.7142857142857143, 0.3, 0.21052631578947367, 0.16666666666666666]",0.788127627745311,0.8076923076923077,21.0,26.0
gpt_two_example,9_10,0.0,"[0.4444444444444444, 0.125, 0.0, 0.0]",0.36787944117144233,0.5,9.0,18.0
gpt_two_example,9_11,1.0,"[1.0, 1.0, 1.0, 1.0]",1.0,1.0,6.0,6.0
gpt_two_example,9_12,0.0,"[0.7894736842105263, 0.2777777777777778, 0.058823529411764705, 0.0]",0.6563555554708402,0.7037037037037037,19.0,27.0
gpt_two_example,9_13,1.0,"[1.0, 1.0, 1.0, 1.0]",1.0,1.0,6.0,6.0
gpt_two_example,10_0,0.109810474386915,"[0.8837209302325582, 0.35294117647058826, 0.16666666666666666, 0.060240963855421686]",0.4641990366359164,0.5657894736842105,86.0,152.0
gpt_two_example,10_1,1.0,"[1.0, 1.0, 1.0, 1.0]",1.0,1.0,6.0,6.0
gpt_two_example,10_2,0.12828278568455334,"[0.5714285714285714, 0.3, 0.15789473684210525, 0.05555555555555555]",0.6514390575310556,0.7,21.0,30.0
gpt_two_example,10_3,1.0,"[1.0, 1.0, 1.0, 1.0]",1.0,1.0,6.0,6.0
gpt_two_example,10_4,0.27048170758554296,"[0.5416666666666666, 0.30434782608695654, 0.22727272727272727, 0.14285714285714285]",1.0,1.0,24.0,24.0
gpt_two_example,10_5,1.0,"[1.0, 1.0, 1.0, 1.0]",1.0,1.0,6.0,6.0
gpt_two_example,10_6,0.26541449667760314,"[0.65, 0.47368421052631576, 0.2777777777777778, 0.23529411764705882]",0.7046880897187133,0.7407407407407407,20.0,27.0
gpt_two_example,10_7,0.1164513525351418,"[0.375, 0.2, 0.14285714285714285, 0.07692307692307693]",0.6872892787909722,0.7272727272727273,16.0,22.0
gpt_two_example,10_8,1.0,"[1.0, 1.0, 1.0, 1.0]",1.0,1.0,6.0,6.0
gpt_two_example,10_9,0.6434588841607617,"[0.8571428571428571, 0.6666666666666666, 0.6, 0.5]",1.0,1.1666666666666667,7.0,6.0
gpt_two_example,10_10,0.21408388994689634,"[0.6875, 0.4, 0.2857142857142857, 0.15384615384615385]",0.645648526427892,0.6956521739130435,16.0,23.0
gpt_two_example,10_11,1.0,"[1.0, 1.0, 1.0, 1.0]",1.0,1.0,6.0,6.0
gpt_two_example,10_12,0.13114645124763522,"[0.5333333333333333, 0.21428571428571427, 0.15384615384615385, 0.08333333333333333]",0.6703200460356393,0.7142857142857143,15.0,21.0
gpt_two_example,10_13,0.2369945920448539,"[0.7142857142857143, 0.5384615384615384, 0.3333333333333333, 0.18181818181818182]",0.6065306597126334,0.6666666666666666,14.0,21.0
gpt_two_example,11_0,0.0,"[0.0, 0.0, 0.0, 0.0]",0.00975837264521781,0.17763157894736842,27.0,152.0
gpt_two_example,11_1,1.0,"[1.0, 1.0, 1.0, 1.0]",1.0,1.0,6.0,6.0
gpt_two_example,11_2,1.0,"[1.0, 1.0, 1.0, 1.0]",1.0,1.0,6.0,6.0
gpt_two_example,11_3,0.0,"[0.6111111111111112, 0.23529411764705882, 0.125, 0.0]",0.846481724890614,0.8571428571428571,18.0,21.0
gpt_two_example,11_4,1.0,"[1.0, 1.0, 1.0, 1.0]",1.0,1.0,6.0,6.0
gpt_two_example,11_5,0.0,"[0.375, 0.0, 0.0, 0.0]",0.6872892787909722,0.7272727272727273,16.0,22.0
gpt_two_example,11_6,1.0,"[1.0, 1.0, 1.0, 1.0]",1.0,1.0,6.0,6.0
gpt_two_example,11_7,1.0,"[1.0, 1.0, 1.0, 1.0]",1.0,1.0,6.0,6.0
gpt_two_example,11_8,1.0,"[1.0, 1.0, 1.0, 1.0]",1.0,1.0,7.0,7.0
gpt_two_example,11_9,0.6731821382417487,"[1.0, 0.8, 0.75, 0.6666666666666666]",0.846481724890614,0.8571428571428571,6.0,7.0
gpt_two_example,11_10,0.0,"[0.8333333333333334, 0.6, 0.25, 0.0]",1.0,1.0,6.0,6.0
gpt_two_example,11_11,0.0,"[0.47058823529411764, 0.125, 0.0, 0.0]",0.6624801353939264,0.7083333333333334,17.0,24.0
gpt_two_example,11_12,1.0,"[1.0, 1.0, 1.0, 1.0]",1.0,1.0,7.0,7.0
gpt_two_example,11_13,1.0,"[1.0, 1.0, 1.0, 1.0]",1.0,1.0,7.0,7.0
gpt_two_example,12_0,0.24263971684190086,"[0.9065420560747663, 0.4716981132075472, 0.26666666666666666, 0.16346153846153846]",0.6566784856269209,0.7039473684210527,107.0,152.0
gpt_two_example,12_1,0.0,"[0.6428571428571429, 0.3076923076923077, 0.0, 0.0]",0.3951177613268873,0.5185185185185185,14.0,27.0
gpt_two_example,12_2,0.0,"[0.2, 0.0, 0.0, 0.0]",0.049787068367863944,0.25,5.0,20.0
gpt_two_example,12_3,0.6434588841607617,"[0.8571428571428571, 0.6666666666666666, 0.6, 0.5]",1.0,1.1666666666666667,7.0,6.0
gpt_two_example,12_4,0.537284965911771,"[0.8333333333333334, 0.6, 0.5, 0.3333333333333333]",1.0,1.2,6.0,5.0
gpt_two_example,12_5,0.0,"[0.625, 0.2857142857142857, 0.0, 0.0]",1.0,1.3333333333333333,8.0,6.0
gpt_two_example,12_6,0.1949560796282147,"[0.65, 0.42105263157894735, 0.2222222222222222, 0.11764705882352941]",0.6703200460356393,0.7142857142857143,20.0,28.0
gpt_two_example,12_7,0.15517617297661015,"[0.6086956521739131, 0.3181818181818182, 0.14285714285714285, 0.05]",0.8046150583253528,0.8214285714285714,23.0,28.0
gpt_two_example,12_8,0.18224266537816372,"[0.7368421052631579, 0.3888888888888889, 0.17647058823529413, 0.0625]",0.7686205265937356,0.7916666666666666,19.0,24.0
gpt_two_example,12_9,0.0,"[0.35714285714285715, 0.0, 0.0, 0.0]",0.5647181220077593,0.6363636363636364,14.0,22.0
gpt_two_example,12_10,0.6434588841607617,"[0.8571428571428571, 0.6666666666666666, 0.6, 0.5]",1.0,1.0,7.0,7.0
gpt_two_example,12_11,0.6434588841607617,"[0.8571428571428571, 0.6666666666666666, 0.6, 0.5]",1.0,1.0,7.0,7.0
gpt_two_example,12_12,0.0,"[0.6666666666666666, 0.23529411764705882, 0.0625, 0.0]",0.6778095780054504,0.72,18.0,25.0
gpt_two_example,12_13,0.1542516097843049,"[0.5714285714285714, 0.3, 0.10526315789473684, 0.05555555555555555]",0.8668778997501817,0.875,21.0,24.0
gpt_two_example,13_0,0.34066707422188364,"[0.9274193548387096, 0.5609756097560976, 0.3360655737704918, 0.19008264462809918]",0.7978725136602237,0.8157894736842105,124.0,152.0
gpt_two_example,13_1,1.0,"[1.0, 1.0, 1.0, 1.0]",1.0,1.0,7.0,7.0
gpt_two_example,13_2,1.0,"[1.0, 1.0, 1.0, 1.0]",1.0,1.0,8.0,8.0
gpt_two_example,13_3,0.0,"[0.17857142857142858, 0.03636363636363636, 0.0, 0.0]",1.0,2.24,56.0,25.0
gpt_two_example,13_4,1.0,"[1.0, 1.0, 1.0, 1.0]",1.0,1.0,7.0,7.0
gpt_two_example,13_5,0.18132302350830212,"[0.5909090909090909, 0.3333333333333333, 0.15, 0.05263157894736842]",0.9131007162822622,0.9166666666666666,22.0,24.0
gpt_two_example,13_6,0.0,"[0.3888888888888889, 0.17647058823529413, 0.0625, 0.0]",0.8948393168143697,0.9,18.0,20.0
gpt_two_example,13_7,1.0,"[1.0, 1.0, 1.0, 1.0]",1.0,1.0,7.0,7.0
gpt_two_example,13_8,1.0,"[1.0, 1.0, 1.0, 1.0]",1.0,1.0,8.0,8.0
gpt_two_example,13_9,0.0,"[0.2807017543859649, 0.14285714285714285, 0.05454545454545454, 0.0]",1.0,2.28,57.0,25.0
gpt_two_example,13_10,0.16054562160594474,"[0.5925925925925926, 0.23076923076923078, 0.2, 0.16666666666666666]",0.6178673543839127,0.675,27.0,40.0
gpt_two_example,13_11,0.2186597437352254,"[0.6428571428571429, 0.38461538461538464, 0.3333333333333333, 0.2727272727272727]",0.5647181220077593,0.6363636363636364,14.0,22.0
gpt_two_example,13_12,0.07145139932724291,"[0.6756756756756757, 0.2222222222222222, 0.05714285714285714, 0.029411764705882353]",0.5669027155052999,0.6379310344827587,37.0,58.0
gpt_two_example,13_13,0.6514390575310556,"[1.0, 1.0, 1.0, 1.0]",0.6514390575310556,0.7,7.0,10.0
gpt_two_example,14_0,0.19508062241282914,"[0.9615384615384616, 0.6363636363636364, 0.39473684210526316, 0.26666666666666666]",0.3872371632498164,0.5131578947368421,78.0,152.0
gpt_two_example,14_1,0.6434588841607617,"[0.8571428571428571, 0.6666666666666666, 0.6, 0.5]",1.0,1.0,7.0,7.0
gpt_two_example,14_2,0.24763635776268506,"[0.6521739130434783, 0.45454545454545453, 0.2857142857142857, 0.15]",0.7376042638218265,0.7666666666666667,23.0,30.0
gpt_two_example,14_3,0.2868823614642745,"[0.631578947368421, 0.4444444444444444, 0.29411764705882354, 0.125]",0.9000876262522594,0.9047619047619048,19.0,21.0
gpt_two_example,14_4,1.0,"[1.0, 1.0, 1.0, 1.0]",1.0,1.0,6.0,6.0
gpt_two_example,14_5,1.0,"[1.0, 1.0, 1.0, 1.0]",1.0,1.0,6.0,6.0
gpt_two_example,14_6,0.4347208719449914,"[0.7142857142857143, 0.5, 0.4, 0.25]",1.0,1.0,7.0,7.0
gpt_two_example,14_7,0.18280336329017835,"[0.6153846153846154, 0.4, 0.20833333333333334, 0.08695652173913043]",0.7074036474040618,0.7428571428571429,26.0,35.0
gpt_two_example,14_8,0.0,"[0.6153846153846154, 0.25, 0.0, 0.0]",0.50041992036057,0.5909090909090909,13.0,22.0
gpt_two_example,14_9,0.054285521517746294,"[0.16, 0.061224489795918366, 0.041666666666666664, 0.02127659574468085]",1.0,2.1739130434782608,50.0,23.0
gpt_two_example,14_10,1.0,"[1.0, 1.0, 1.0, 1.0]",1.0,1.0,6.0,6.0
gpt_two_example,14_11,0.0,"[0.6363636363636364, 0.2857142857142857, 0.1, 0.0]",0.7967034698934615,0.8148148148148148,22.0,27.0
gpt_two_example,14_12,0.0,"[0.8333333333333334, 0.6, 0.25, 0.0]",1.0,1.0,6.0,6.0
gpt_two_example,14_13,1.0,"[1.0, 1.0, 1.0, 1.0]",1.0,1.0,6.0,6.0
gpt_two_example,15_0,0.2524102716643695,"[0.8983050847457628, 0.4700854700854701, 0.25, 0.12173913043478261]",0.7496599365423304,0.7763157894736842,118.0,152.0
gpt_two_example,15_1,0.10652198953381814,"[0.4782608695652174, 0.22727272727272727, 0.09523809523809523, 0.05]",0.7062216866978064,0.7419354838709677,23.0,31.0
gpt_two_example,15_2,1.0,"[1.0, 1.0, 1.0, 1.0]",1.0,1.0,6.0,6.0
gpt_two_example,15_3,1.0,"[1.0, 1.0, 1.0, 1.0]",1.0,1.0,6.0,6.0
gpt_two_example,15_4,1.0,"[1.0, 1.0, 1.0, 1.0]",1.0,1.0,6.0,6.0
gpt_two_example,15_5,1.0,"[1.0, 1.0, 1.0, 1.0]",1.0,1.0,7.0,7.0
gpt_two_example,15_6,0.18544795942766204,"[0.65, 0.42105263157894735, 0.2222222222222222, 0.11764705882352941]",0.6376281516217733,0.6896551724137931,20.0,29.0
gpt_two_example,15_7,1.0,"[1.0, 1.0, 1.0, 1.0]",1.0,1.0,6.0,6.0
gpt_two_example,15_8,0.0,"[0.5217391304347826, 0.2727272727272727, 0.09523809523809523, 0.0]",1.0,1.0,23.0,23.0
gpt_two_example,15_9,1.0,"[1.0, 1.0, 1.0, 1.0]",1.0,1.0,6.0,6.0
gpt_two_example,15_10,0.0,"[0.8333333333333334, 0.6, 0.25, 0.0]",1.0,1.0,6.0,6.0
gpt_two_example,15_11,1.0,"[1.0, 1.0, 1.0, 1.0]",1.0,1.0,6.0,6.0
gpt_two_example,15_12,1.0,"[1.0, 1.0, 1.0, 1.0]",1.0,1.0,6.0,6.0
gpt_two_example,15_13,0.2673647041496431,"[0.48148148148148145, 0.3076923076923077, 0.24, 0.16666666666666666]",0.9636404443012863,0.9642857142857143,27.0,28.0
gpt_two_example,16_0,0.3126734813189899,"[0.9074074074074074, 0.5981308411214953, 0.37735849056603776, 0.23809523809523808]",0.6653730571622696,0.7105263157894737,108.0,152.0
gpt_two_example,16_1,0.4715455630189013,"[0.7777777777777778, 0.6153846153846154, 0.52, 0.4166666666666667]",0.830950389901292,0.84375,27.0,32.0
gpt_two_example,16_2,0.0,"[0.5625, 0.26666666666666666, 0.14285714285714285, 0.0]",0.8290291181804004,0.8421052631578947,16.0,19.0
gpt_two_example,16_3,0.09686438070306524,"[0.21568627450980393, 0.12, 0.08163265306122448, 0.041666666666666664]",1.0,2.4285714285714284,51.0,21.0
gpt_two_example,16_4,1.0,"[1.0, 1.0, 1.0, 1.0]",1.0,1.0,7.0,7.0
gpt_two_example,16_5,1.0,"[1.0, 1.0, 1.0, 1.0]",1.0,1.0,8.0,8.0
gpt_two_example,16_6,1.0,"[1.0, 1.0, 1.0, 1.0]",1.0,1.0,7.0,7.0
gpt_two_example,16_7,1.0,"[1.0, 1.0, 1.0, 1.0]",1.0,1.0,6.0,6.0
gpt_two_example,16_8,0.23287896954139942,"[0.4117647058823529, 0.25, 0.2, 0.14285714285714285]",1.0,1.0,17.0,17.0
gpt_two_example,16_9,1.0,"[1.0, 1.0, 1.0, 1.0]",1.0,1.0,7.0,7.0
gpt_two_example,16_10,0.4347208719449914,"[0.7142857142857143, 0.5, 0.4, 0.25]",1.0,1.0,7.0,7.0
gpt_two_example,16_11,1.0,"[1.0, 1.0, 1.0, 1.0]",1.0,1.0,7.0,7.0
gpt_two_example,16_12,0.1835996684751169,"[0.5294117647058824, 0.30303030303030304, 0.15625, 0.06451612903225806]",0.9155454289236553,0.918918918918919,34.0,37.0
gpt_two_example,16_13,1.0,"[1.0, 1.0, 1.0, 1.0]",1.0,1.0,7.0,7.0
gpt_two_example,17_0,0.0,"[0.0, 0.0, 0.0, 0.0]",0.00975837264521781,0.17763157894736842,27.0,152.0
gpt_two_example,17_1,1.0,"[1.0, 1.0, 1.0, 1.0]",1.0,1.0,8.0,8.0
gpt_two_example,17_2,0.0,"[0.5555555555555556, 0.23529411764705882, 0.0625, 0.0]",0.8007374029168082,0.8181818181818182,18.0,22.0
gpt_two_example,17_3,0.0,"[0.42857142857142855, 0.15384615384615385, 0.08333333333333333, 0.0]",0.6996725373751302,0.7368421052631579,14.0,19.0
gpt_two_example,17_4,0.0,"[0.8571428571428571, 0.6666666666666666, 0.4, 0.0]",1.0,1.0,7.0,7.0
gpt_two_example,17_5,0.2776798791618636,"[0.7272727272727273, 0.42857142857142855, 0.25, 0.15789473684210525]",0.8337529180751805,0.8461538461538461,22.0,26.0
gpt_two_example,17_6,1.0,"[1.0, 1.0, 1.0, 1.0]",1.0,1.0,7.0,7.0
gpt_two_example,17_7,0.19508205674664703,"[0.6666666666666666, 0.42857142857142855, 0.23076923076923078, 0.08333333333333333]",0.7165313105737893,0.75,15.0,20.0
gpt_two_example,17_8,0.0,"[0.4, 0.1111111111111111, 0.0, 0.0]",0.6065306597126334,0.6666666666666666,10.0,15.0
gpt_two_example,17_9,0.3065886217135123,"[0.65, 0.42105263157894735, 0.3333333333333333, 0.17647058823529413]",0.8607079764250577,0.8695652173913043,20.0,23.0
gpt_two_example,17_10,1.0,"[1.0, 1.0, 1.0, 1.0]",1.0,1.0,7.0,7.0
gpt_two_example,17_11,1.0,"[1.0, 1.0, 1.0, 1.0]",1.0,1.0,7.0,7.0
gpt_two_example,17_12,0.1551430494382811,"[0.6, 0.2857142857142857, 0.15384615384615385, 0.08333333333333333]",0.7165313105737893,0.75,15.0,20.0
gpt_two_example,17_13,0.0,"[0.4666666666666667, 0.21428571428571427, 0.07692307692307693, 0.0]",0.7659283383646487,0.7894736842105263,15.0,19.0
gpt_two_example,18_0,0.1736686939028819,"[0.8555555555555555, 0.4157303370786517, 0.25, 0.16091954022988506]",0.5021336855390236,0.5921052631578947,90.0,152.0
gpt_two_example,18_1,1.0,"[1.0, 1.0, 1.0, 1.0]",1.0,1.0,6.0,6.0
gpt_two_example,18_2,1.0,"[1.0, 1.0, 1.0, 1.0]",1.0,1.0,7.0,7.0
gpt_two_example,18_3,1.0,"[1.0, 1.0, 1.0, 1.0]",1.0,1.0,7.0,7.0
gpt_two_example,18_4,0.0,"[0.48, 0.2916666666666667, 0.08695652173913043, 0.0]",0.7866278610665535,0.8064516129032258,25.0,31.0
gpt_two_example,18_5,1.0,"[1.0, 1.0, 1.0, 1.0]",1.0,1.0,6.0,6.0
gpt_two_example,18_6,0.0,"[0.8333333333333334, 0.6, 0.25, 0.0]",1.0,1.0,6.0,6.0
gpt_two_example,18_7,0.1787647033743402,"[0.56, 0.2916666666666667, 0.13043478260869565, 0.09090909090909091]",0.8521437889662112,0.8620689655172413,25.0,29.0
gpt_two_example,18_8,0.0,"[0.34615384615384615, 0.04, 0.0, 0.0]",0.7351414805916845,0.7647058823529411,26.0,34.0
gpt_two_example,18_9,1.0,"[1.0, 1.0, 1.0, 1.0]",1.0,1.0,6.0,6.0
gpt_two_example,18_10,0.23957589651480093,"[0.5909090909090909, 0.38095238095238093, 0.2, 0.10526315789473684]",0.9131007162822622,0.9166666666666666,22.0,24.0
gpt_two_example,18_11,0.10327157064337505,"[0.5294117647058824, 0.1875, 0.13333333333333333, 0.07142857142857142]",0.5889513097505535,0.6538461538461539,17.0,26.0
gpt_two_example,18_12,0.0,"[0.4666666666666667, 0.14285714285714285, 0.0, 0.0]",0.7659283383646487,0.7894736842105263,15.0,19.0
gpt_two_example,18_13,0.21569535960898784,"[0.6875, 0.3333333333333333, 0.21428571428571427, 0.15384615384615385]",0.7316156289466418,0.7619047619047619,16.0,21.0
gpt_two_example,19_0,0.10612541484008507,"[0.8947368421052632, 0.37333333333333335, 0.1891891891891892, 0.1095890410958904]",0.36787944117144233,0.5,76.0,152.0
gpt_two_example,19_1,1.0,"[1.0, 1.0, 1.0, 1.0]",1.0,1.0,6.0,6.0
gpt_two_example,19_2,1.0,"[1.0, 1.0, 1.0, 1.0]",1.0,1.0,6.0,6.0
gpt_two_example,19_3,1.0,"[1.0, 1.0, 1.0, 1.0]",1.0,1.0,6.0,6.0
gpt_two_example,19_4,1.0,"[1.0, 1.0, 1.0, 1.0]",1.0,1.0,7.0,7.0
gpt_two_example,19_5,1.0,"[1.0, 1.0, 1.0, 1.0]",1.0,1.0,6.0,6.0
gpt_two_example,19_6,0.11910538459916122,"[0.5833333333333334, 0.34782608695652173, 0.18181818181818182, 0.047619047619047616]",0.5817778142098083,0.6486486486486487,24.0,37.0
gpt_two_example,19_7,0.21664194471512113,"[0.5833333333333334, 0.30434782608695654, 0.18181818181818182, 0.09523809523809523]",0.9200444146293233,0.9230769230769231,24.0,26.0
gpt_two_example,19_8,0.1356582930629268,"[0.42105263157894735, 0.16666666666666666, 0.11764705882352941, 0.0625]",0.9000876262522594,0.9047619047619048,19.0,21.0
gpt_two_example,19_9,1.0,"[1.0, 1.0, 1.0, 1.0]",1.0,1.0,6.0,6.0
gpt_two_example,19_10,1.0,"[1.0, 1.0, 1.0, 1.0]",1.0,1.0,6.0,6.0
gpt_two_example,19_11,0.2333266761088975,"[0.6538461538461539, 0.36, 0.20833333333333334, 0.13043478260869565]",0.825052966980536,0.8387096774193549,26.0,31.0
gpt_two_example,19_12,1.0,"[1.0, 1.0, 1.0, 1.0]",1.0,1.0,6.0,6.0
gpt_two_example,19_13,0.24913987816053781,"[0.7, 0.42105263157894735, 0.2222222222222222, 0.058823529411764705]",1.0,1.0,20.0,20.0
gpt_two_example,20_0,0.12984150141365572,"[0.8918918918918919, 0.4246575342465753, 0.2777777777777778, 0.18309859154929578]",0.3485219543540323,0.4868421052631579,74.0,152.0
gpt_two_example,20_1,1.0,"[1.0, 1.0, 1.0, 1.0]",1.0,1.0,6.0,6.0
gpt_two_example,20_2,1.0,"[1.0, 1.0, 1.0, 1.0]",1.0,1.0,6.0,6.0
gpt_two_example,20_3,1.0,"[1.0, 1.0, 1.0, 1.0]",1.0,1.0,7.0,7.0
gpt_two_example,20_4,1.0,"[1.0, 1.0, 1.0, 1.0]",1.0,1.0,6.0,6.0
gpt_two_example,20_5,0.11459412346777988,"[0.5555555555555556, 0.17647058823529413, 0.125, 0.06666666666666667]",0.6778095780054504,0.72,18.0,25.0
gpt_two_example,20_6,0.2906598941807509,"[0.6875, 0.3333333333333333, 0.2857142857142857, 0.23076923076923078]",0.8290291181804004,0.8421052631578947,16.0,19.0
gpt_two_example,20_7,1.0,"[1.0, 1.0, 1.0, 1.0]",1.0,1.0,7.0,7.0
gpt_two_example,20_8,1.0,"[1.0, 1.0, 1.0, 1.0]",1.0,1.0,7.0,7.0
gpt_two_example,20_9,0.22987793129899672,"[0.6363636363636364, 0.3333333333333333, 0.15, 0.10526315789473684]",0.9555630362682843,0.9565217391304348,22.0,23.0
gpt_two_example,20_10,0.0,"[0.5625, 0.2, 0.0, 0.0]",0.6872892787909722,0.7272727272727273,16.0,22.0
gpt_two_example,20_11,1.0,"[1.0, 1.0, 1.0, 1.0]",1.0,1.0,7.0,7.0
gpt_two_example,20_12,1.0,"[1.0, 1.0, 1.0, 1.0]",1.0,1.0,6.0,6.0
gpt_two_example,20_13,0.24765623504685155,"[0.6666666666666666, 0.4117647058823529, 0.25, 0.13333333333333333]",0.8007374029168082,0.8181818181818182,18.0,22.0
TrOCR20,1_1,0.0,"[0.42857142857142855, 0.16666666666666666, 0.0, 0.0]",1.0,1.0,7.0,7.0
TrOCR20,1_3,0.0,"[0.17647058823529413, 0.0, 0.0, 0.0]",0.5553063730019506,0.6296296296296297,17.0,27.0
TrOCR20,1_4,0.0,"[0.05, 0.0, 0.0, 0.0]",1.0,1.1111111111111112,20.0,18.0
TrOCR20,1_5,0.0,"[0.42857142857142855, 0.16666666666666666, 0.0, 0.0]",1.0,1.1666666666666667,7.0,6.0
TrOCR20,1_6,0.0,"[0.42857142857142855, 0.16666666666666666, 0.0, 0.0]",1.0,1.0,7.0,7.0
TrOCR20,1_7,0.0,"[0.42857142857142855, 0.16666666666666666, 0.0, 0.0]",1.0,1.0,7.0,7.0
TrOCR20,1_8,0.0,"[0.42857142857142855, 0.16666666666666666, 0.0, 0.0]",1.0,1.0,7.0,7.0
TrOCR20,1_9,0.0,"[0.25, 0.10526315789473684, 0.0, 0.0]",0.740818220681718,0.7692307692307693,20.0,26.0
TrOCR20,1_10,0.0,"[0.16666666666666666, 0.0, 0.0, 0.0]",0.9459594689067654,0.9473684210526315,18.0,19.0
TrOCR20,1_11,0.0,"[0.17647058823529413, 0.0, 0.0, 0.0]",0.7451888170134805,0.7727272727272727,17.0,22.0
TrOCR20,1_13,0.0,"[0.17647058823529413, 0.0, 0.0, 0.0]",0.5235834657149969,0.6071428571428571,17.0,28.0
TrOCR20,2_1,0.0,"[0.0, 0.0, 0.0, 0.0]",1.0,3.5,7.0,2.0
TrOCR20,2_2,0.0,"[0.25, 0.10526315789473684, 0.0, 0.0]",0.6703200460356393,0.7142857142857143,20.0,28.0
TrOCR20,2_3,0.0,"[0.21052631578947367, 0.0, 0.0, 0.0]",0.8101577349324267,0.8260869565217391,19.0,23.0
TrOCR20,2_4,0.0,"[0.42105263157894735, 0.05555555555555555, 0.0, 0.0]",0.9487294800164372,0.95,19.0,20.0
TrOCR20,2_5,0.0,"[0.42857142857142855, 0.16666666666666666, 0.0, 0.0]",1.0,1.1666666666666667,7.0,6.0
TrOCR20,2_8,0.0,"[0.42857142857142855, 0.1, 0.0, 0.0]",0.8668778997501817,0.875,21.0,24.0
TrOCR20,2_9,0.0,"[0.42857142857142855, 0.16666666666666666, 0.0, 0.0]",1.0,1.1666666666666667,7.0,6.0
TrOCR20,2_10,0.0,"[0.42857142857142855, 0.16666666666666666, 0.0, 0.0]",1.0,1.1666666666666667,7.0,6.0
TrOCR20,2_11,0.0,"[0.2631578947368421, 0.1111111111111111, 0.0, 0.0]",0.8539396656235351,0.8636363636363636,19.0,22.0
TrOCR20,2_13,0.0,"[0.5714285714285714, 0.16666666666666666, 0.0, 0.0]",1.0,1.1666666666666667,7.0,6.0
TrOCR20,2_14,0.0,"[0.2, 0.05263157894736842, 0.0, 0.0]",0.7788007830714049,0.8,20.0,25.0
TrOCR20,3_1,0.08975099574265706,"[0.21875, 0.12903225806451613, 0.06666666666666667, 0.034482758620689655]",1.0,1.4545454545454546,32.0,22.0
TrOCR20,3_2,0.0,"[0.1111111111111111, 0.0, 0.0, 0.0]",0.7165313105737893,0.75,18.0,24.0
TrOCR20,3_3,0.0,"[0.23809523809523808, 0.0, 0.0, 0.0]",0.909156442876713,0.9130434782608695,21.0,23.0
TrOCR20,3_4,0.0,"[0.42857142857142855, 0.16666666666666666, 0.0, 0.0]",1.0,1.1666666666666667,7.0,6.0
TrOCR20,3_5,0.0,"[0.42857142857142855, 0.16666666666666666, 0.0, 0.0]",1.0,1.0,7.0,7.0
TrOCR20,3_6,0.0,"[0.1111111111111111, 0.058823529411764705, 0.0, 0.0]",0.8948393168143697,0.9,18.0,20.0
TrOCR20,3_7,0.0,"[0.2857142857142857, 0.05, 0.0, 0.0]",0.6832104226749482,0.7241379310344828,21.0,29.0
TrOCR20,3_8,0.0,"[0.058823529411764705, 0.0, 0.0, 0.0]",0.7451888170134805,0.7727272727272727,17.0,22.0
TrOCR20,3_9,0.0,"[0.5714285714285714, 0.3333333333333333, 0.2, 0.0]",1.0,1.1666666666666667,7.0,6.0
TrOCR20,3_10,0.0,"[0.0625, 0.0, 0.0, 0.0]",0.6065306597126334,0.6666666666666666,16.0,24.0
TrOCR20,3_13,0.0,"[0.42857142857142855, 0.16666666666666666, 0.0, 0.0]",1.0,1.1666666666666667,7.0,6.0
TrOCR20,4_1,0.0,"[0.42857142857142855, 0.16666666666666666, 0.0, 0.0]",1.0,1.1666666666666667,7.0,6.0
TrOCR20,4_2,0.0,"[0.14285714285714285, 0.0, 0.0, 0.0]",0.909156442876713,0.9130434782608695,21.0,23.0
TrOCR20,4_3,0.0,"[0.1891891891891892, 0.027777777777777776, 0.0, 0.0]",1.0,1.608695652173913,37.0,23.0
TrOCR20,4_4,0.0,"[0.42857142857142855, 0.16666666666666666, 0.0, 0.0]",1.0,1.1666666666666667,7.0,6.0
TrOCR20,4_5,0.0,"[0.42857142857142855, 0.16666666666666666, 0.0, 0.0]",1.0,1.1666666666666667,7.0,6.0
TrOCR20,4_6,0.0,"[0.2857142857142857, 0.0, 0.0, 0.0]",0.751477293075286,0.7777777777777778,21.0,27.0
TrOCR20,4_7,0.0,"[0.29411764705882354, 0.125, 0.06666666666666667, 0.0]",0.9428731438548749,0.9444444444444444,17.0,18.0
TrOCR20,4_8,0.0,"[0.42857142857142855, 0.16666666666666666, 0.0, 0.0]",1.0,1.1666666666666667,7.0,6.0
TrOCR20,4_9,0.0,"[0.42857142857142855, 0.16666666666666666, 0.0, 0.0]",1.0,1.0,7.0,7.0
TrOCR20,4_10,0.4347208719449914,"[0.7142857142857143, 0.5, 0.4, 0.25]",1.0,1.0,7.0,7.0
TrOCR20,4_12,0.0,"[0.2631578947368421, 0.0, 0.0, 0.0]",0.7686205265937356,0.7916666666666666,19.0,24.0
TrOCR20,4_13,0.0,"[0.5714285714285714, 0.3333333333333333, 0.2, 0.0]",0.5647181220077593,0.6363636363636364,7.0,11.0
TrOCR20,5_1,0.0,"[0.0, 0.0, 0.0, 0.0]",1.0,6.0,6.0,1.0
TrOCR20,5_2,0.0,"[0.3125, 0.13333333333333333, 0.0, 0.0]",0.4168620196785084,0.5333333333333333,16.0,30.0
TrOCR20,5_3,0.0,"[0.3181818181818182, 0.047619047619047616, 0.0, 0.0]",0.7274705090242835,0.7586206896551724,22.0,29.0
TrOCR20,5_4,0.0,"[0.35294117647058826, 0.0, 0.0, 0.0]",0.7026185226629954,0.7391304347826086,17.0,23.0
TrOCR20,5_5,0.0,"[0.2222222222222222, 0.07692307692307693, 0.0, 0.0]",1.0,1.2857142857142858,27.0,21.0
TrOCR20,5_6,0.0,"[0.18181818181818182, 0.03125, 0.0, 0.0]",1.0,1.5714285714285714,33.0,21.0
TrOCR20,5_7,0.0,"[0.5714285714285714, 0.3333333333333333, 0.2, 0.0]",1.0,1.0,7.0,7.0
TrOCR20,5_8,0.0,"[0.2222222222222222, 0.058823529411764705, 0.0, 0.0]",0.573753420737433,0.6428571428571429,18.0,28.0
TrOCR20,5_9,0.0,"[0.1111111111111111, 0.0, 0.0, 0.0]",0.6778095780054504,0.72,18.0,25.0
TrOCR20,5_10,0.0,"[0.42857142857142855, 0.16666666666666666, 0.0, 0.0]",1.0,1.1666666666666667,7.0,6.0
TrOCR20,5_11,0.0,"[0.10526315789473684, 0.0, 0.0, 0.0]",0.8101577349324267,0.8260869565217391,19.0,23.0
TrOCR20,5_12,0.0,"[0.30303030303030304, 0.03125, 0.0, 0.0]",1.0,1.434782608695652,33.0,23.0
TrOCR20,5_14,0.0,"[0.2, 0.0, 0.0, 0.0]",0.740818220681718,0.7692307692307693,20.0,26.0
TrOCR20,6_1,0.0,"[0.0, 0.0, 0.0, 0.0]",1.0,7.0,7.0,1.0
TrOCR20,6_4,0.0,"[0.19047619047619047, 0.05, 0.0, 0.0]",1.0,1.5,21.0,14.0
TrOCR20,6_5,0.0,"[0.17647058823529413, 0.0625, 0.0, 0.0]",1.0,1.0,17.0,17.0
TrOCR20,6_6,0.0,"[0.42857142857142855, 0.16666666666666666, 0.0, 0.0]",1.0,1.0,7.0,7.0
TrOCR20,6_7,0.0,"[0.09090909090909091, 0.0, 0.0, 0.0]",1.0,1.0476190476190477,22.0,21.0
TrOCR20,6_8,0.0,"[0.42857142857142855, 0.16666666666666666, 0.0, 0.0]",1.0,1.0,7.0,7.0
TrOCR20,6_9,0.0,"[0.42857142857142855, 0.16666666666666666, 0.0, 0.0]",0.8668778997501817,0.875,7.0,8.0
TrOCR20,6_10,0.0,"[0.0, 0.0, 0.0, 0.0]",0.8101577349324267,0.8260869565217391,19.0,23.0
TrOCR20,6_11,0.0,"[0.2222222222222222, 0.058823529411764705, 0.0, 0.0]",0.9459594689067654,0.9473684210526315,18.0,19.0
TrOCR20,6_13,0.0,"[0.05555555555555555, 0.0, 0.0, 0.0]",1.0,2.5714285714285716,18.0,7.0
TrOCR20,7_1,0.0,"[0.42857142857142855, 0.16666666666666666, 0.0, 0.0]",1.0,1.1666666666666667,7.0,6.0
TrOCR20,7_2,0.0,"[0.125, 0.0, 0.0, 0.0]",0.09301448921066349,0.2962962962962963,8.0,27.0
TrOCR20,7_4,0.0,"[0.3333333333333333, 0.0, 0.0, 0.0]",0.06948345122280151,0.2727272727272727,6.0,22.0
TrOCR20,7_5,0.0,"[0.5714285714285714, 0.3333333333333333, 0.2, 0.0]",1.0,1.0,7.0,7.0
TrOCR20,7_9,0.0,"[0.42857142857142855, 0.16666666666666666, 0.0, 0.0]",1.0,1.0,7.0,7.0
TrOCR20,7_11,0.0,"[0.42857142857142855, 0.16666666666666666, 0.0, 0.0]",1.0,1.0,7.0,7.0
TrOCR20,7_12,0.0,"[0.09523809523809523, 0.05, 0.0, 0.0]",0.751477293075286,0.7777777777777778,21.0,27.0
TrOCR20,7_13,0.0,"[0.22727272727272727, 0.09523809523809523, 0.0, 0.0]",1.0,1.2222222222222223,22.0,18.0
TrOCR20,8_1,0.0,"[0.42857142857142855, 0.16666666666666666, 0.0, 0.0]",1.0,1.1666666666666667,7.0,6.0
TrOCR20,8_2,0.0,"[0.10526315789473684, 0.05555555555555555, 0.0, 0.0]",0.6563555554708402,0.7037037037037037,19.0,27.0
TrOCR20,8_3,0.0,"[0.3181818181818182, 0.09523809523809523, 0.0, 0.0]",0.7613003866968737,0.7857142857142857,22.0,28.0
TrOCR20,8_5,0.0,"[0.23809523809523808, 0.1, 0.0, 0.0]",0.6832104226749482,0.7241379310344828,21.0,29.0
TrOCR20,8_6,0.0,"[0.2, 0.0, 0.0, 0.0]",0.6270890852730561,0.6818181818181818,15.0,22.0
TrOCR20,8_7,0.0,"[0.10526315789473684, 0.0, 0.0, 0.0]",0.8539396656235351,0.8636363636363636,19.0,22.0
TrOCR20,8_8,0.0,"[0.3181818181818182, 0.047619047619047616, 0.0, 0.0]",0.7967034698934615,0.8148148148148148,22.0,27.0
TrOCR20,8_10,0.0,"[0.13157894736842105, 0.0, 0.0, 0.0]",1.0,1.5833333333333333,38.0,24.0
TrOCR20,8_11,0.0,"[0.14285714285714285, 0.0, 0.0, 0.0]",0.9534969548334766,0.9545454545454546,21.0,22.0
TrOCR20,8_12,0.0,"[0.42857142857142855, 0.16666666666666666, 0.0, 0.0]",0.5647181220077593,0.6363636363636364,7.0,11.0
TrOCR20,8_13,0.0,"[0.42857142857142855, 0.16666666666666666, 0.0, 0.0]",0.8668778997501817,0.875,7.0,8.0
TrOCR20,9_1,0.0,"[0.42857142857142855, 0.16666666666666666, 0.0, 0.0]",1.0,1.0,7.0,7.0
TrOCR20,9_2,0.0,"[0.08, 0.041666666666666664, 0.0, 0.0]",1.0,1.0869565217391304,25.0,23.0
TrOCR20,9_3,0.0,"[0.42857142857142855, 0.16666666666666666, 0.0, 0.0]",1.0,1.0,7.0,7.0
TrOCR20,9_4,0.0,"[0.42857142857142855, 0.16666666666666666, 0.0, 0.0]",1.0,1.0,7.0,7.0
TrOCR20,9_5,0.0,"[0.5714285714285714, 0.16666666666666666, 0.0, 0.0]",1.0,1.0,7.0,7.0
TrOCR20,9_6,0.0,"[0.42857142857142855, 0.16666666666666666, 0.0, 0.0]",1.0,1.0,7.0,7.0
TrOCR20,9_8,0.0,"[0.42857142857142855, 0.16666666666666666, 0.0, 0.0]",1.0,1.0,7.0,7.0
TrOCR20,9_9,0.0,"[0.23809523809523808, 0.05, 0.0, 0.0]",0.788127627745311,0.8076923076923077,21.0,26.0
TrOCR20,9_12,0.0,"[0.2777777777777778, 0.11764705882352941, 0.0625, 0.0]",0.6065306597126334,0.6666666666666666,18.0,27.0
TrOCR20,9_13,0.0,"[0.42857142857142855, 0.16666666666666666, 0.0, 0.0]",1.0,1.1666666666666667,7.0,6.0
TrOCR20,10_1,0.0,"[0.42857142857142855, 0.16666666666666666, 0.0, 0.0]",1.0,1.1666666666666667,7.0,6.0
TrOCR20,10_3,0.0,"[0.42857142857142855, 0.16666666666666666, 0.0, 0.0]",1.0,1.1666666666666667,7.0,6.0
TrOCR20,10_4,0.0,"[0.15, 0.0, 0.0, 0.0]",0.8187307530779819,0.8333333333333334,20.0,24.0
TrOCR20,10_5,0.0,"[0.42857142857142855, 0.16666666666666666, 0.0, 0.0]",1.0,1.1666666666666667,7.0,6.0
TrOCR20,10_6,0.0,"[0.2, 0.041666666666666664, 0.0, 0.0]",0.9231163463866358,0.9259259259259259,25.0,27.0
TrOCR20,10_7,0.0,"[0.15384615384615385, 0.04, 0.0, 0.0]",1.0,1.1818181818181819,26.0,22.0
TrOCR20,10_8,0.0,"[0.42857142857142855, 0.16666666666666666, 0.0, 0.0]",1.0,1.1666666666666667,7.0,6.0
TrOCR20,10_9,0.0,"[0.5714285714285714, 0.16666666666666666, 0.0, 0.0]",1.0,1.1666666666666667,7.0,6.0
TrOCR20,10_10,0.0,"[0.041666666666666664, 0.0, 0.0, 0.0]",1.0,1.0434782608695652,24.0,23.0
TrOCR20,10_11,0.0,"[0.42857142857142855, 0.16666666666666666, 0.0, 0.0]",1.0,1.1666666666666667,7.0,6.0
TrOCR20,10_12,0.0,"[0.08333333333333333, 0.0, 0.0, 0.0]",1.0,1.1428571428571428,24.0,21.0
TrOCR20,11_1,0.0,"[0.42857142857142855, 0.16666666666666666, 0.0, 0.0]",1.0,1.1666666666666667,7.0,6.0
TrOCR20,11_2,0.0,"[0.5714285714285714, 0.3333333333333333, 0.2, 0.0]",1.0,1.1666666666666667,7.0,6.0
TrOCR20,11_3,0.0,"[0.4, 0.0, 0.0, 0.0]",0.6703200460356393,0.7142857142857143,15.0,21.0
TrOCR20,11_4,0.0,"[0.42857142857142855, 0.16666666666666666, 0.0, 0.0]",1.0,1.1666666666666667,7.0,6.0
TrOCR20,11_5,0.0,"[0.09523809523809523, 0.0, 0.0, 0.0]",0.9534969548334766,0.9545454545454546,21.0,22.0
TrOCR20,11_7,0.0,"[0.42857142857142855, 0.16666666666666666, 0.0, 0.0]",1.0,1.1666666666666667,7.0,6.0
TrOCR20,11_9,0.0,"[0.42857142857142855, 0.16666666666666666, 0.0, 0.0]",1.0,1.0,7.0,7.0
TrOCR20,11_10,0.0,"[0.42857142857142855, 0.16666666666666666, 0.0, 0.0]",1.0,1.1666666666666667,7.0,6.0
TrOCR20,11_11,0.0,"[0.1875, 0.03225806451612903, 0.0, 0.0]",1.0,1.3333333333333333,32.0,24.0
TrOCR20,11_12,0.4347208719449914,"[0.7142857142857143, 0.5, 0.4, 0.25]",1.0,1.0,7.0,7.0
TrOCR20,12_1,0.0,"[0.2222222222222222, 0.0, 0.0, 0.0]",0.1353352832366127,0.3333333333333333,9.0,27.0
TrOCR20,12_2,0.0,"[0.5, 0.0, 0.0, 0.0]",0.7788007830714049,0.8,16.0,20.0
TrOCR20,12_3,0.0,"[0.5714285714285714, 0.3333333333333333, 0.2, 0.0]",1.0,1.1666666666666667,7.0,6.0
TrOCR20,12_4,0.0,"[0.42857142857142855, 0.16666666666666666, 0.0, 0.0]",1.0,1.4,7.0,5.0
TrOCR20,12_5,0.0,"[0.42857142857142855, 0.16666666666666666, 0.0, 0.0]",1.0,1.1666666666666667,7.0,6.0
TrOCR20,12_6,0.0,"[0.2, 0.0, 0.0, 0.0]",0.4203503845086819,0.5357142857142857,15.0,28.0
TrOCR20,12_7,0.0,"[0.2777777777777778, 0.0, 0.0, 0.0]",0.573753420737433,0.6428571428571429,18.0,28.0
TrOCR20,12_9,0.0,"[0.09523809523809523, 0.0, 0.0, 0.0]",0.9534969548334766,0.9545454545454546,21.0,22.0
TrOCR20,12_11,0.0,"[0.42857142857142855, 0.16666666666666666, 0.0, 0.0]",1.0,1.0,7.0,7.0
TrOCR20,12_12,0.0,"[0.4117647058823529, 0.0, 0.0, 0.0]",0.6246347280002745,0.68,17.0,25.0
TrOCR20,12_13,0.0,"[0.20833333333333334, 0.0, 0.0, 0.0]",1.0,1.0,24.0,24.0
TrOCR20,13_3,0.0,"[0.14285714285714285, 0.029411764705882353, 0.0, 0.0]",1.0,1.4,35.0,25.0
TrOCR20,13_4,0.0,"[0.42857142857142855, 0.16666666666666666, 0.0, 0.0]",1.0,1.0,7.0,7.0
TrOCR20,13_5,0.0,"[0.2, 0.0, 0.0, 0.0]",1.0,1.25,30.0,24.0
TrOCR20,13_6,0.0,"[0.21739130434782608, 0.0, 0.0, 0.0]",1.0,1.15,23.0,20.0
TrOCR20,13_7,0.0,"[0.5714285714285714, 0.16666666666666666, 0.0, 0.0]",1.0,1.0,7.0,7.0
TrOCR20,13_8,0.0,"[0.42857142857142855, 0.16666666666666666, 0.0, 0.0]",0.8668778997501817,0.875,7.0,8.0
TrOCR20,13_9,0.0,"[0.25, 0.05263157894736842, 0.0, 0.0]",0.7788007830714049,0.8,20.0,25.0
TrOCR20,13_11,0.0,"[0.42857142857142855, 0.16666666666666666, 0.0, 0.0]",0.11731916609425078,0.3181818181818182,7.0,22.0
TrOCR20,13_13,0.0,"[0.42857142857142855, 0.16666666666666666, 0.0, 0.0]",0.6514390575310556,0.7,7.0,10.0
TrOCR20,14_1,0.0,"[0.7142857142857143, 0.3333333333333333, 0.0, 0.0]",1.0,1.0,7.0,7.0
TrOCR20,14_2,0.0,"[0.21739130434782608, 0.045454545454545456, 0.0, 0.0]",0.7376042638218265,0.7666666666666667,23.0,30.0
TrOCR20,14_3,0.0,"[0.05555555555555555, 0.0, 0.0, 0.0]",0.846481724890614,0.8571428571428571,18.0,21.0
TrOCR20,14_5,0.0,"[0.7142857142857143, 0.5, 0.2, 0.0]",1.0,1.1666666666666667,7.0,6.0
TrOCR20,14_6,0.0,"[0.7142857142857143, 0.3333333333333333, 0.0, 0.0]",1.0,1.0,7.0,7.0
TrOCR20,14_7,0.0,"[0.2972972972972973, 0.08333333333333333, 0.0, 0.0]",1.0,1.0571428571428572,37.0,35.0
TrOCR20,14_8,0.0,"[0.21052631578947367, 0.05555555555555555, 0.0, 0.0]",0.8539396656235351,0.8636363636363636,19.0,22.0
TrOCR20,14_9,0.0,"[0.2777777777777778, 0.0, 0.0, 0.0]",0.7574651283969664,0.782608695652174,18.0,23.0
TrOCR20,14_10,0.0,"[0.7142857142857143, 0.5, 0.2, 0.0]",1.0,1.1666666666666667,7.0,6.0
TrOCR20,14_13,0.488923022434901,"[0.8571428571428571, 0.6666666666666666, 0.4, 0.25]",1.0,1.1666666666666667,7.0,6.0
TrOCR20,15_1,0.0,"[0.10526315789473684, 0.0, 0.0, 0.0]",0.5317515301305707,0.6129032258064516,19.0,31.0
TrOCR20,15_2,0.0,"[0.7142857142857143, 0.5, 0.2, 0.0]",1.0,1.1666666666666667,7.0,6.0
TrOCR20,15_3,0.0,"[0.7142857142857143, 0.5, 0.2, 0.0]",1.0,1.1666666666666667,7.0,6.0
TrOCR20,15_4,0.0,"[0.8571428571428571, 0.6666666666666666, 0.4, 0.0]",1.0,1.1666666666666667,7.0,6.0
TrOCR20,15_5,0.0,"[0.7142857142857143, 0.3333333333333333, 0.0, 0.0]",1.0,1.0,7.0,7.0
TrOCR20,15_6,0.09579371674972276,"[0.27586206896551724, 0.10714285714285714, 0.07407407407407407, 0.038461538461538464]",1.0,1.0,29.0,29.0
TrOCR20,15_8,0.0,"[0.3076923076923077, 0.08, 0.041666666666666664, 0.0]",1.0,1.1304347826086956,26.0,23.0
TrOCR20,15_9,0.0,"[0.7142857142857143, 0.5, 0.2, 0.0]",1.0,1.1666666666666667,7.0,6.0
TrOCR20,15_10,0.0,"[0.7142857142857143, 0.5, 0.2, 0.0]",1.0,1.1666666666666667,7.0,6.0
TrOCR20,15_11,0.0,"[0.7142857142857143, 0.5, 0.2, 0.0]",1.0,1.1666666666666667,7.0,6.0
TrOCR20,15_13,0.0,"[0.5714285714285714, 0.3333333333333333, 0.2, 0.0]",0.049787068367863944,0.25,7.0,28.0
TrOCR20,16_2,0.0,"[0.20833333333333334, 0.0, 0.0, 0.0]",1.0,1.263157894736842,24.0,19.0
TrOCR20,16_3,0.0,"[0.10526315789473684, 0.0, 0.0, 0.0]",0.9000876262522594,0.9047619047619048,19.0,21.0
TrOCR20,16_5,0.0,"[0.8571428571428571, 0.5, 0.2, 0.0]",0.8668778997501817,0.875,7.0,8.0
TrOCR20,16_6,0.0,"[0.8571428571428571, 0.6666666666666666, 0.4, 0.0]",1.0,1.0,7.0,7.0
TrOCR20,16_7,0.0,"[0.7142857142857143, 0.5, 0.2, 0.0]",1.0,1.1666666666666667,7.0,6.0
TrOCR20,16_8,0.0,"[0.10526315789473684, 0.0, 0.0, 0.0]",1.0,1.1176470588235294,19.0,17.0
TrOCR20,16_9,0.0,"[0.7142857142857143, 0.5, 0.2, 0.0]",1.0,1.0,7.0,7.0
TrOCR20,16_10,0.0,"[0.7142857142857143, 0.5, 0.2, 0.0]",1.0,1.0,7.0,7.0
TrOCR20,16_11,0.0,"[0.7142857142857143, 0.5, 0.2, 0.0]",1.0,1.0,7.0,7.0
TrOCR20,16_12,0.0,"[0.1875, 0.06666666666666667, 0.0, 0.0]",0.26914634872918386,0.43243243243243246,16.0,37.0
TrOCR20,16_13,0.0,"[0.7142857142857143, 0.5, 0.2, 0.0]",1.0,1.0,7.0,7.0
TrOCR20,17_1,0.0,"[0.7142857142857143, 0.3333333333333333, 0.0, 0.0]",0.8668778997501817,0.875,7.0,8.0
TrOCR20,17_2,0.0,"[0.09090909090909091, 0.0, 0.0, 0.0]",1.0,1.0,22.0,22.0
TrOCR20,17_3,0.0,"[0.10714285714285714, 0.0, 0.0, 0.0]",1.0,1.4736842105263157,28.0,19.0
TrOCR20,17_4,0.0,"[0.7142857142857143, 0.5, 0.2, 0.0]",1.0,1.0,7.0,7.0
TrOCR20,17_5,0.0,"[0.25, 0.0, 0.0, 0.0]",0.10539922456186433,0.3076923076923077,8.0,26.0
TrOCR20,17_7,0.0,"[0.06896551724137931, 0.0, 0.0, 0.0]",1.0,1.45,29.0,20.0
TrOCR20,17_9,0.0,"[0.2727272727272727, 0.047619047619047616, 0.0, 0.0]",0.9555630362682843,0.9565217391304348,22.0,23.0
TrOCR20,17_10,0.0,"[0.7142857142857143, 0.5, 0.2, 0.0]",1.0,1.0,7.0,7.0
TrOCR20,17_11,0.0,"[0.7142857142857143, 0.5, 0.2, 0.0]",1.0,1.0,7.0,7.0
TrOCR20,17_12,0.0,"[0.1111111111111111, 0.0, 0.0, 0.0]",0.8948393168143697,0.9,18.0,20.0
TrOCR20,17_13,0.0,"[0.17647058823529413, 0.0, 0.0, 0.0]",0.8890097654027757,0.8947368421052632,17.0,19.0
TrOCR20,18_1,0.0,"[0.7142857142857143, 0.5, 0.2, 0.0]",1.0,1.1666666666666667,7.0,6.0
TrOCR20,18_2,0.0,"[0.7142857142857143, 0.5, 0.2, 0.0]",1.0,1.0,7.0,7.0
TrOCR20,18_3,0.0,"[0.5714285714285714, 0.16666666666666666, 0.0, 0.0]",1.0,1.0,7.0,7.0
TrOCR20,18_5,0.0,"[0.5714285714285714, 0.3333333333333333, 0.0, 0.0]",1.0,1.1666666666666667,7.0,6.0
TrOCR20,18_6,0.0,"[0.5714285714285714, 0.3333333333333333, 0.0, 0.0]",1.0,1.1666666666666667,7.0,6.0
TrOCR20,18_7,0.0,"[0.22727272727272727, 0.0, 0.0, 0.0]",0.7274705090242835,0.7586206896551724,22.0,29.0
TrOCR20,18_8,0.0,"[0.10526315789473684, 0.0, 0.0, 0.0]",0.45408372383450274,0.5588235294117647,19.0,34.0
TrOCR20,18_9,0.0,"[0.5714285714285714, 0.3333333333333333, 0.0, 0.0]",1.0,1.1666666666666667,7.0,6.0
TrOCR20,18_11,0.0,"[0.35294117647058826, 0.0, 0.0, 0.0]",0.5889513097505535,0.6538461538461539,17.0,26.0
TrOCR20,18_12,0.0,"[0.1, 0.0, 0.0, 0.0]",1.0,1.0526315789473684,20.0,19.0
TrOCR20,18_13,0.0,"[0.2, 0.034482758620689655, 0.0, 0.0]",1.0,1.4285714285714286,30.0,21.0
TrOCR20,19_1,0.0,"[0.5714285714285714, 0.3333333333333333, 0.0, 0.0]",1.0,1.1666666666666667,7.0,6.0
TrOCR20,19_2,0.0,"[0.5714285714285714, 0.3333333333333333, 0.0, 0.0]",1.0,1.1666666666666667,7.0,6.0
TrOCR20,19_3,0.0,"[0.7142857142857143, 0.3333333333333333, 0.0, 0.0]",1.0,1.1666666666666667,7.0,6.0
TrOCR20,19_4,0.0,"[0.5714285714285714, 0.16666666666666666, 0.0, 0.0]",1.0,1.0,7.0,7.0
TrOCR20,19_6,0.0,"[0.06666666666666667, 0.0, 0.0, 0.0]",0.2306931822549629,0.40540540540540543,15.0,37.0
TrOCR20,19_8,0.0,"[0.15789473684210525, 0.0, 0.0, 0.0]",0.9000876262522594,0.9047619047619048,19.0,21.0
TrOCR20,19_9,0.0,"[0.7142857142857143, 0.5, 0.2, 0.0]",1.0,1.1666666666666667,7.0,6.0
TrOCR20,19_10,0.0,"[0.5714285714285714, 0.3333333333333333, 0.0, 0.0]",1.0,1.1666666666666667,7.0,6.0
TrOCR20,19_11,0.0,"[0.44, 0.125, 0.0, 0.0]",0.7866278610665535,0.8064516129032258,25.0,31.0
TrOCR20,19_12,0.0,"[0.5714285714285714, 0.3333333333333333, 0.0, 0.0]",1.0,1.1666666666666667,7.0,6.0
TrOCR20,19_13,0.0,"[0.125, 0.0, 0.0, 0.0]",0.7788007830714049,0.8,16.0,20.0
TrOCR20,20_2,0.0,"[0.5714285714285714, 0.3333333333333333, 0.0, 0.0]",1.0,1.1666666666666667,7.0,6.0
TrOCR20,20_4,0.0,"[0.5714285714285714, 0.3333333333333333, 0.0, 0.0]",1.0,1.1666666666666667,7.0,6.0
TrOCR20,20_5,0.0,"[0.05555555555555555, 0.0, 0.0, 0.0]",0.6778095780054504,0.72,18.0,25.0
TrOCR20,20_9,0.0,"[0.23809523809523808, 0.1, 0.05263157894736842, 0.0]",0.909156442876713,0.9130434782608695,21.0,23.0
TrOCR20,20_10,0.0,"[0.3125, 0.0, 0.0, 0.0]",0.6872892787909722,0.7272727272727273,16.0,22.0
TrOCR20,20_11,0.0,"[0.7142857142857143, 0.5, 0.2, 0.0]",1.0,1.0,7.0,7.0
TrOCR20,20_13,0.0,"[0.12, 0.0, 0.0, 0.0]",1.0,1.1363636363636365,25.0,22.0
gpt_complex,1_0,0.5956486748956394,"[0.9389312977099237, 0.7538461538461538, 0.6356589147286822, 0.53125]",0.8518836321100529,0.8618421052631579,131.0,152.0
gpt_complex,1_1,0.0,"[0.8333333333333334, 0.6, 0.25, 0.0]",0.846481724890614,0.8571428571428571,6.0,7.0
gpt_complex,1_2,1.0,"[1.0, 1.0, 1.0, 1.0]",1.0,1.0,7.0,7.0
gpt_complex,1_3,0.0,"[0.2727272727272727, 0.09523809523809523, 0.05, 0.0]",0.7967034698934615,0.8148148148148148,22.0,27.0
gpt_complex,1_4,0.0,"[0.5625, 0.2, 0.07142857142857142, 0.0]",0.8824969025845955,0.8888888888888888,16.0,18.0
gpt_complex,1_5,1.0,"[1.0, 1.0, 1.0, 1.0]",1.0,1.0,6.0,6.0
gpt_complex,1_6,0.6434588841607617,"[0.8571428571428571, 0.6666666666666666, 0.6, 0.5]",1.0,1.0,7.0,7.0
gpt_complex,1_7,1.0,"[1.0, 1.0, 1.0, 1.0]",1.0,1.0,7.0,7.0
gpt_complex,1_8,1.0,"[1.0, 1.0, 1.0, 1.0]",1.0,1.0,7.0,7.0
gpt_complex,1_9,0.23861529330212874,"[0.44, 0.2916666666666667, 0.21739130434782608, 0.13636363636363635]",0.9607894391523232,0.9615384615384616,25.0,26.0
gpt_complex,1_10,0.0,"[0.47058823529411764, 0.125, 0.06666666666666667, 0.0]",0.8890097654027757,0.8947368421052632,17.0,19.0
gpt_complex,1_11,0.0,"[0.3888888888888889, 0.11764705882352941, 0.0625, 0.0]",0.8007374029168082,0.8181818181818182,18.0,22.0
gpt_complex,1_12,1.0,"[1.0, 1.0, 1.0, 1.0]",1.0,1.0,6.0,6.0
gpt_complex,1_13,0.0,"[0.5416666666666666, 0.30434782608695654, 0.13636363636363635, 0.0]",0.846481724890614,0.8571428571428571,24.0,28.0
gpt_complex,2_0,0.5301285081562184,"[0.8923076923076924, 0.689922480620155, 0.5625, 0.44881889763779526]",0.844314039201216,0.8552631578947368,130.0,152.0
gpt_complex,2_1,0.0,"[0.0, 0.0, 0.0, 0.0]",0.36787944117144233,0.5,1.0,2.0
gpt_complex,2_2,0.0,"[0.42105263157894735, 0.05555555555555555, 0.0, 0.0]",0.6227038648477501,0.6785714285714286,19.0,28.0
gpt_complex,2_3,0.20398353678804013,"[0.6190476190476191, 0.35, 0.21052631578947367, 0.05555555555555555]",0.909156442876713,0.9130434782608695,21.0,23.0
gpt_complex,2_4,0.0,"[0.5263157894736842, 0.2222222222222222, 0.11764705882352941, 0.0]",0.9487294800164372,0.95,19.0,20.0
gpt_complex,2_5,1.0,"[1.0, 1.0, 1.0, 1.0]",1.0,1.0,6.0,6.0
gpt_complex,2_6,0.0,"[0.4782608695652174, 0.22727272727272727, 0.047619047619047616, 0.0]",0.9574533680683809,0.9583333333333334,23.0,24.0
gpt_complex,2_7,0.0,"[0.7142857142857143, 0.3076923076923077, 0.08333333333333333, 0.0]",0.6514390575310556,0.7,14.0,20.0
gpt_complex,2_8,0.15759732040670943,"[0.5652173913043478, 0.2727272727272727, 0.09523809523809523, 0.05]",0.9574533680683809,0.9583333333333334,23.0,24.0
gpt_complex,2_9,1.0,"[1.0, 1.0, 1.0, 1.0]",1.0,1.0,6.0,6.0
gpt_complex,2_10,0.537284965911771,"[0.8333333333333334, 0.6, 0.5, 0.3333333333333333]",1.0,1.0,6.0,6.0
gpt_complex,2_11,0.0,"[0.4444444444444444, 0.11764705882352941, 0.0, 0.0]",0.8007374029168082,0.8181818181818182,18.0,22.0
gpt_complex,2_12,0.32996156842059327,"[0.631578947368421, 0.3888888888888889, 0.29411764705882354, 0.25]",0.9000876262522594,0.9047619047619048,19.0,21.0
gpt_complex,2_13,1.0,"[1.0, 1.0, 1.0, 1.0]",1.0,1.0,6.0,6.0
gpt_complex,2_14,0.0,"[0.3333333333333333, 0.11764705882352941, 0.0625, 0.0]",0.6778095780054504,0.72,18.0,25.0
gpt_complex,3_0,0.5565643915598109,"[0.705607476635514, 0.6056338028169014, 0.5094339622641509, 0.44075829383886256]",1.0,1.4078947368421053,214.0,152.0
gpt_complex,3_1,0.21233470585998823,"[0.5217391304347826, 0.2727272727272727, 0.14285714285714285, 0.1]",1.0,1.0454545454545454,23.0,22.0
gpt_complex,3_2,0.25638685577115294,"[0.48148148148148145, 0.2692307692307692, 0.2, 0.16666666666666666]",1.0,1.125,27.0,24.0
gpt_complex,3_3,0.17401517708317757,"[0.5789473684210527, 0.3333333333333333, 0.17647058823529413, 0.0625]",0.8101577349324267,0.8260869565217391,19.0,23.0
gpt_complex,3_4,1.0,"[1.0, 1.0, 1.0, 1.0]",1.0,1.0,6.0,6.0
gpt_complex,3_5,0.488923022434901,"[0.8571428571428571, 0.6666666666666666, 0.4, 0.25]",1.0,1.0,7.0,7.0
gpt_complex,3_6,0.0,"[0.5555555555555556, 0.29411764705882354, 0.125, 0.0]",0.8948393168143697,0.9,18.0,20.0
gpt_complex,3_7,0.19758734716574208,"[0.42857142857142855, 0.2222222222222222, 0.15384615384615385, 0.12]",0.9649159443723702,0.9655172413793104,28.0,29.0
gpt_complex,3_8,0.0,"[0.5238095238095238, 0.2, 0.0, 0.0]",0.9534969548334766,0.9545454545454546,21.0,22.0
gpt_complex,3_9,0.0,"[0.6666666666666666, 0.2, 0.0, 0.0]",1.0,1.0,6.0,6.0
gpt_complex,3_10,0.0,"[0.47368421052631576, 0.16666666666666666, 0.0, 0.0]",0.7686205265937356,0.7916666666666666,19.0,24.0
gpt_complex,3_11,0.0,"[0.25, 0.06666666666666667, 0.0, 0.0]",0.8824969025845955,0.8888888888888888,16.0,18.0
gpt_complex,3_12,0.0,"[0.3076923076923077, 0.08333333333333333, 0.0, 0.0]",0.5836454781435741,0.65,13.0,20.0
gpt_complex,3_13,0.537284965911771,"[0.8333333333333334, 0.6, 0.5, 0.3333333333333333]",1.0,1.0,6.0,6.0
gpt_complex,4_0,0.5565643915598109,"[0.705607476635514, 0.6056338028169014, 0.5094339622641509, 0.44075829383886256]",1.0,1.4078947368421053,214.0,152.0
gpt_complex,4_1,0.0,"[0.8333333333333334, 0.6, 0.25, 0.0]",1.0,1.0,6.0,6.0
gpt_complex,4_2,0.0,"[0.5, 0.21052631578947367, 0.05555555555555555, 0.0]",0.8607079764250577,0.8695652173913043,20.0,23.0
gpt_complex,4_3,0.0,"[0.5, 0.21739130434782608, 0.045454545454545456, 0.0]",1.0,1.0434782608695652,24.0,23.0
gpt_complex,4_4,1.0,"[1.0, 1.0, 1.0, 1.0]",1.0,1.0,6.0,6.0
gpt_complex,4_5,0.0,"[0.8333333333333334, 0.6, 0.25, 0.0]",1.0,1.0,6.0,6.0
gpt_complex,4_6,0.21510983141296627,"[0.5384615384615384, 0.32, 0.16666666666666666, 0.08695652173913043]",0.9622687143632572,0.9629629629629629,26.0,27.0
gpt_complex,4_7,0.16419328162096689,"[0.8888888888888888, 0.625, 0.42857142857142855, 0.16666666666666666]",0.36787944117144233,0.5,9.0,18.0
gpt_complex,4_8,0.537284965911771,"[0.8333333333333334, 0.6, 0.5, 0.3333333333333333]",1.0,1.0,6.0,6.0
gpt_complex,4_9,0.488923022434901,"[0.8571428571428571, 0.6666666666666666, 0.4, 0.25]",1.0,1.0,7.0,7.0
gpt_complex,4_10,1.0,"[1.0, 1.0, 1.0, 1.0]",1.0,1.0,7.0,7.0
gpt_complex,4_11,0.21684388706887905,"[0.6111111111111112, 0.4117647058823529, 0.25, 0.13333333333333333]",0.7165313105737893,0.75,18.0,24.0
gpt_complex,4_12,0.11741473432581424,"[0.36363636363636365, 0.14285714285714285, 0.1, 0.05263157894736842]",0.9131007162822622,0.9166666666666666,22.0,24.0
gpt_complex,4_13,0.5647181220077593,"[1.0, 1.0, 1.0, 1.0]",0.5647181220077593,0.6363636363636364,7.0,11.0
gpt_complex,5_0,0.7929660097508401,"[0.949685534591195, 0.8544303797468354, 0.7452229299363057, 0.6538461538461539]",1.0,1.0460526315789473,159.0,152.0
gpt_complex,5_1,0.0,"[0.0, 0.0, 0.0, 0.0]",1.0,1.0,1.0,1.0
gpt_complex,5_2,0.0,"[0.5185185185185185, 0.23076923076923078, 0.12, 0.0]",0.8948393168143697,0.9,27.0,30.0
gpt_complex,5_3,0.0,"[0.3181818181818182, 0.14285714285714285, 0.05, 0.0]",0.7274705090242835,0.7586206896551724,22.0,29.0
gpt_complex,5_4,0.0,"[0.5625, 0.13333333333333333, 0.0, 0.0]",0.645648526427892,0.6956521739130435,16.0,23.0
gpt_complex,5_5,0.0,"[0.4375, 0.13333333333333333, 0.0, 0.0]",0.7316156289466418,0.7619047619047619,16.0,21.0
gpt_complex,5_6,0.15378249972287633,"[0.5555555555555556, 0.23529411764705882, 0.125, 0.06666666666666667]",0.846481724890614,0.8571428571428571,18.0,21.0
gpt_complex,5_7,0.6434588841607617,"[0.8571428571428571, 0.6666666666666666, 0.6, 0.5]",1.0,1.0,7.0,7.0
gpt_complex,5_8,0.39022826939671895,"[0.8571428571428571, 0.65, 0.47368421052631576, 0.3333333333333333]",0.7165313105737893,0.75,21.0,28.0
gpt_complex,5_9,0.0,"[0.4166666666666667, 0.13043478260869565, 0.045454545454545456, 0.0]",0.9591894571091382,0.96,24.0,25.0
gpt_complex,5_10,1.0,"[1.0, 1.0, 1.0, 1.0]",1.0,1.0,6.0,6.0
gpt_complex,5_11,0.2035859488114882,"[0.6428571428571429, 0.38461538461538464, 0.3333333333333333, 0.2727272727272727]",0.5257880244257798,0.6086956521739131,14.0,23.0
gpt_complex,5_12,0.1335666407643422,"[0.625, 0.26666666666666666, 0.14285714285714285, 0.07692307692307693]",0.645648526427892,0.6956521739130435,16.0,23.0
gpt_complex,5_13,0.19319794288373765,"[0.45, 0.3157894736842105, 0.16666666666666666, 0.058823529411764705]",1.0,1.1111111111111112,20.0,18.0
gpt_complex,5_14,0.21658670514848039,"[0.56, 0.2916666666666667, 0.17391304347826086, 0.09090909090909091]",0.9607894391523232,0.9615384615384616,25.0,26.0
gpt_complex,6_0,0.3309527621391587,"[0.5130890052356021, 0.3684210526315789, 0.291005291005291, 0.21808510638297873]",1.0,1.256578947368421,191.0,152.0
gpt_complex,6_1,0.0,"[0.0, 0.0, 0.0, 0.0]",1.0,1.0,1.0,1.0
gpt_complex,6_2,0.32286146945875427,"[0.5789473684210527, 0.3888888888888889, 0.29411764705882354, 0.25]",0.9000876262522594,0.9047619047619048,19.0,21.0
gpt_complex,6_3,0.0,"[0.3333333333333333, 0.07142857142857142, 0.0, 0.0]",0.6703200460356393,0.7142857142857143,15.0,21.0
gpt_complex,6_4,0.0,"[0.2857142857142857, 0.0, 0.0, 0.0]",1.0,1.0,14.0,14.0
gpt_complex,6_5,0.0,"[0.4375, 0.2, 0.07142857142857142, 0.0]",0.9394130628134758,0.9411764705882353,16.0,17.0
gpt_complex,6_6,0.0,"[0.6666666666666666, 0.2, 0.0, 0.0]",0.846481724890614,0.8571428571428571,6.0,7.0
gpt_complex,6_7,0.0,"[0.45454545454545453, 0.14285714285714285, 0.05, 0.0]",1.0,1.0476190476190477,22.0,21.0
gpt_complex,6_8,0.0,"[0.8333333333333334, 0.6, 0.25, 0.0]",0.846481724890614,0.8571428571428571,6.0,7.0
gpt_complex,6_9,0.42383656282787796,"[0.8571428571428571, 0.6666666666666666, 0.4, 0.25]",0.8668778997501817,0.875,7.0,8.0
gpt_complex,6_10,0.0,"[0.47368421052631576, 0.2222222222222222, 0.11764705882352941, 0.0]",0.8101577349324267,0.8260869565217391,19.0,23.0
gpt_complex,6_11,0.0,"[0.35294117647058826, 0.0625, 0.0, 0.0]",0.8890097654027757,0.8947368421052632,17.0,19.0
gpt_complex,6_12,0.0,"[0.3888888888888889, 0.058823529411764705, 0.0, 0.0]",1.0,1.0588235294117647,18.0,17.0
gpt_complex,6_13,0.0,"[0.8333333333333334, 0.6, 0.25, 0.0]",0.846481724890614,0.8571428571428571,6.0,7.0
gpt_complex,6_14,0.0,"[0.35, 0.10526315789473684, 0.0, 0.0]",0.951229424500714,0.9523809523809523,20.0,21.0
gpt_complex,7_0,0.7929660097508401,"[0.949685534591195, 0.8544303797468354, 0.7452229299363057, 0.6538461538461539]",1.0,1.0460526315789473,159.0,152.0
gpt_complex,7_1,0.0,"[0.6666666666666666, 0.2, 0.0, 0.0]",1.0,1.0,6.0,6.0
gpt_complex,7_2,0.0,"[0.34615384615384615, 0.08, 0.0, 0.0]",0.9622687143632572,0.9629629629629629,26.0,27.0
gpt_complex,7_3,0.0,"[0.8333333333333334, 0.6, 0.25, 0.0]",0.846481724890614,0.8571428571428571,6.0,7.0
gpt_complex,7_4,0.3127670021100431,"[0.6363636363636364, 0.38095238095238093, 0.25, 0.15789473684210525]",1.0,1.0,22.0,22.0
gpt_complex,7_5,0.0,"[0.6666666666666666, 0.2, 0.0, 0.0]",0.846481724890614,0.8571428571428571,6.0,7.0
gpt_complex,7_6,0.0,"[0.8333333333333334, 0.4, 0.0, 0.0]",0.7165313105737893,0.75,6.0,8.0
gpt_complex,7_7,0.537284965911771,"[0.8333333333333334, 0.6, 0.5, 0.3333333333333333]",1.0,1.0,6.0,6.0
gpt_complex,7_8,0.0,"[0.4, 0.21052631578947367, 0.1111111111111111, 0.0]",0.951229424500714,0.9523809523809523,20.0,21.0
gpt_complex,7_9,0.0,"[0.8333333333333334, 0.6, 0.25, 0.0]",0.846481724890614,0.8571428571428571,6.0,7.0
gpt_complex,7_10,1.0,"[1.0, 1.0, 1.0, 1.0]",1.0,1.0,7.0,7.0
gpt_complex,7_11,0.6731821382417487,"[1.0, 0.8, 0.75, 0.6666666666666666]",0.846481724890614,0.8571428571428571,6.0,7.0
gpt_complex,7_12,0.0,"[0.47619047619047616, 0.15, 0.0, 0.0]",0.751477293075286,0.7777777777777778,21.0,27.0
gpt_complex,7_13,0.0,"[0.2727272727272727, 0.047619047619047616, 0.0, 0.0]",1.0,1.2222222222222223,22.0,18.0
gpt_complex,8_0,0.5147689748739592,"[0.6728971962616822, 0.568075117370892, 0.4669811320754717, 0.3933649289099526]",1.0,1.4078947368421053,214.0,152.0
gpt_complex,8_1,1.0,"[1.0, 1.0, 1.0, 1.0]",1.0,1.0,6.0,6.0
gpt_complex,8_2,0.3397151640901309,"[0.6666666666666666, 0.43478260869565216, 0.3181818181818182, 0.23809523809523808]",0.8824969025845955,0.8888888888888888,24.0,27.0
gpt_complex,8_3,0.0,"[0.6153846153846154, 0.36, 0.16666666666666666, 0.0]",0.925961078642316,0.9285714285714286,26.0,28.0
gpt_complex,8_4,0.0,"[0.4166666666666667, 0.13043478260869565, 0.045454545454545456, 0.0]",1.0,1.0434782608695652,24.0,23.0
gpt_complex,8_5,0.0,"[0.5, 0.17647058823529413, 0.0, 0.0]",0.5427474811642219,0.6206896551724138,18.0,29.0
gpt_complex,8_6,0.0,"[0.13333333333333333, 0.0, 0.0, 0.0]",0.6270890852730561,0.6818181818181818,15.0,22.0
gpt_complex,8_7,0.2910624919304027,"[0.5454545454545454, 0.3333333333333333, 0.25, 0.15789473684210525]",1.0,1.0,22.0,22.0
gpt_complex,8_8,0.0,"[0.2, 0.041666666666666664, 0.0, 0.0]",0.9231163463866358,0.9259259259259259,25.0,27.0
gpt_complex,8_9,0.0,"[0.5882352941176471, 0.3125, 0.06666666666666667, 0.0]",0.7451888170134805,0.7727272727272727,17.0,22.0
gpt_complex,8_10,0.4370668891751392,"[0.7272727272727273, 0.5714285714285714, 0.4, 0.3157894736842105]",0.9131007162822622,0.9166666666666666,22.0,24.0
gpt_complex,8_11,0.0,"[0.34615384615384615, 0.08, 0.0, 0.0]",1.0,1.1818181818181819,26.0,22.0
gpt_complex,8_12,0.0,"[0.8333333333333334, 0.6, 0.25, 0.0]",0.43459820850707814,0.5454545454545454,6.0,11.0
gpt_complex,8_13,0.42383656282787796,"[0.8571428571428571, 0.6666666666666666, 0.4, 0.25]",0.8668778997501817,0.875,7.0,8.0
gpt_complex,9_0,0.5147689748739592,"[0.6728971962616822, 0.568075117370892, 0.4669811320754717, 0.3933649289099526]",1.0,1.4078947368421053,214.0,152.0
gpt_complex,9_1,0.0,"[0.8, 0.25, 0.0, 0.0]",0.6703200460356393,0.7142857142857143,5.0,7.0
gpt_complex,9_2,0.24903286388467735,"[0.5, 0.3333333333333333, 0.19230769230769232, 0.12]",1.0,1.2173913043478262,28.0,23.0
gpt_complex,9_3,0.6431870218238024,"[0.8333333333333334, 0.8, 0.75, 0.6666666666666666]",0.846481724890614,0.8571428571428571,6.0,7.0
gpt_complex,9_4,0.0,"[0.6666666666666666, 0.2, 0.0, 0.0]",0.846481724890614,0.8571428571428571,6.0,7.0
gpt_complex,9_5,0.0,"[0.6666666666666666, 0.2, 0.0, 0.0]",0.846481724890614,0.8571428571428571,6.0,7.0
gpt_complex,9_6,0.6434588841607617,"[0.8571428571428571, 0.6666666666666666, 0.6, 0.5]",1.0,1.0,7.0,7.0
gpt_complex,9_7,0.0,"[0.6666666666666666, 0.2, 0.0, 0.0]",0.846481724890614,0.8571428571428571,6.0,7.0
gpt_complex,9_8,0.488923022434901,"[0.8571428571428571, 0.6666666666666666, 0.4, 0.25]",1.0,1.0,7.0,7.0
gpt_complex,9_9,0.24935861876246468,"[0.6666666666666666, 0.4117647058823529, 0.3125, 0.26666666666666666]",0.6411803884299546,0.6923076923076923,18.0,26.0
gpt_complex,9_10,0.0,"[0.6666666666666666, 0.375, 0.0, 0.0]",0.36787944117144233,0.5,9.0,18.0
gpt_complex,9_11,0.537284965911771,"[0.8333333333333334, 0.6, 0.5, 0.3333333333333333]",1.0,1.0,6.0,6.0
gpt_complex,9_12,0.22802564499479722,"[0.6956521739130435, 0.4090909090909091, 0.19047619047619047, 0.1]",0.8403699701308981,0.8518518518518519,23.0,27.0
gpt_complex,9_13,1.0,"[1.0, 1.0, 1.0, 1.0]",1.0,1.0,6.0,6.0
gpt_complex,10_0,0.5147689748739592,"[0.6728971962616822, 0.568075117370892, 0.4669811320754717, 0.3933649289099526]",1.0,1.4078947368421053,214.0,152.0
gpt_complex,10_1,0.537284965911771,"[0.8333333333333334, 0.6, 0.5, 0.3333333333333333]",1.0,1.0,6.0,6.0
gpt_complex,10_2,0.0,"[0.46153846153846156, 0.2, 0.08333333333333333, 0.0]",0.8574039191604413,0.8666666666666667,26.0,30.0
gpt_complex,10_3,1.0,"[1.0, 1.0, 1.0, 1.0]",1.0,1.0,6.0,6.0
gpt_complex,10_4,0.0,"[0.5714285714285714, 0.3, 0.15789473684210525, 0.0]",0.8668778997501817,0.875,21.0,24.0
gpt_complex,10_5,1.0,"[1.0, 1.0, 1.0, 1.0]",1.0,1.0,6.0,6.0
gpt_complex,10_6,0.0,"[0.4782608695652174, 0.18181818181818182, 0.0, 0.0]",0.8403699701308981,0.8518518518518519,23.0,27.0
gpt_complex,10_7,0.0,"[0.2, 0.07142857142857142, 0.0, 0.0]",0.6270890852730561,0.6818181818181818,15.0,22.0
gpt_complex,10_8,0.0,"[0.8333333333333334, 0.6, 0.25, 0.0]",1.0,1.0,6.0,6.0
gpt_complex,10_9,0.6434588841607617,"[0.8571428571428571, 0.6666666666666666, 0.6, 0.5]",1.0,1.1666666666666667,7.0,6.0
gpt_complex,10_10,0.1590542798683595,"[0.5882352941176471, 0.3125, 0.2, 0.07142857142857142]",0.7026185226629954,0.7391304347826086,17.0,23.0
gpt_complex,10_11,1.0,"[1.0, 1.0, 1.0, 1.0]",1.0,1.0,6.0,6.0
gpt_complex,10_12,0.2073607464953792,"[0.6666666666666666, 0.35714285714285715, 0.23076923076923078, 0.16666666666666666]",0.6703200460356393,0.7142857142857143,15.0,21.0
gpt_complex,10_13,0.0,"[0.5333333333333333, 0.2857142857142857, 0.07692307692307693, 0.0]",0.6703200460356393,0.7142857142857143,15.0,21.0
gpt_complex,11_0,0.5565643915598109,"[0.705607476635514, 0.6056338028169014, 0.5094339622641509, 0.44075829383886256]",1.0,1.4078947368421053,214.0,152.0
gpt_complex,11_1,0.537284965911771,"[0.8333333333333334, 0.6, 0.5, 0.3333333333333333]",1.0,1.0,6.0,6.0
gpt_complex,11_2,0.5789300674674098,"[1.0, 0.75, 0.6666666666666666, 0.5]",0.8187307530779819,0.8333333333333334,5.0,6.0
gpt_complex,11_3,0.0,"[0.5333333333333333, 0.2857142857142857, 0.15384615384615385, 0.0]",0.6703200460356393,0.7142857142857143,15.0,21.0
gpt_complex,11_4,0.537284965911771,"[0.8333333333333334, 0.6, 0.5, 0.3333333333333333]",1.0,1.0,6.0,6.0
gpt_complex,11_5,0.0,"[0.375, 0.13333333333333333, 0.0, 0.0]",0.6872892787909722,0.7272727272727273,16.0,22.0
gpt_complex,11_6,0.537284965911771,"[0.8333333333333334, 0.6, 0.5, 0.3333333333333333]",1.0,1.0,6.0,6.0
gpt_complex,11_7,1.0,"[1.0, 1.0, 1.0, 1.0]",1.0,1.0,6.0,6.0
gpt_complex,11_8,1.0,"[1.0, 1.0, 1.0, 1.0]",1.0,1.0,7.0,7.0
gpt_complex,11_9,0.6731821382417487,"[1.0, 0.8, 0.75, 0.6666666666666666]",0.846481724890614,0.8571428571428571,6.0,7.0
gpt_complex,11_10,0.537284965911771,"[0.8333333333333334, 0.6, 0.5, 0.3333333333333333]",1.0,1.0,6.0,6.0
gpt_complex,11_11,0.0,"[0.3333333333333333, 0.0, 0.0, 0.0]",0.7165313105737893,0.75,18.0,24.0
gpt_complex,11_12,1.0,"[1.0, 1.0, 1.0, 1.0]",1.0,1.0,7.0,7.0
gpt_complex,11_13,1.0,"[1.0, 1.0, 1.0, 1.0]",1.0,1.0,7.0,7.0
gpt_complex,12_0,0.5565643915598109,"[0.705607476635514, 0.6056338028169014, 0.5094339622641509, 0.44075829383886256]",1.0,1.4078947368421053,214.0,152.0
gpt_complex,12_1,0.0,"[0.5625, 0.2, 0.07142857142857142, 0.0]",0.5028315779709409,0.5925925925925926,16.0,27.0
gpt_complex,12_2,0.0,"[0.3333333333333333, 0.0, 0.0, 0.0]",0.513417119032592,0.6,12.0,20.0
gpt_complex,12_3,0.6434588841607617,"[0.8571428571428571, 0.6666666666666666, 0.6, 0.5]",1.0,1.1666666666666667,7.0,6.0
gpt_complex,12_4,0.537284965911771,"[0.8333333333333334, 0.6, 0.5, 0.3333333333333333]",1.0,1.2,6.0,5.0
gpt_complex,12_5,0.0,"[0.7142857142857143, 0.5, 0.2, 0.0]",1.0,1.1666666666666667,7.0,6.0
gpt_complex,12_6,0.1671714081778343,"[0.4782608695652174, 0.2727272727272727, 0.14285714285714285, 0.1]",0.8046150583253528,0.8214285714285714,23.0,28.0
gpt_complex,12_7,0.0,"[0.4782608695652174, 0.09090909090909091, 0.0, 0.0]",0.8046150583253528,0.8214285714285714,23.0,28.0
gpt_complex,12_8,0.15077961452172084,"[0.6666666666666666, 0.35294117647058826, 0.125, 0.06666666666666667]",0.7165313105737893,0.75,18.0,24.0
gpt_complex,12_9,0.0,"[0.25, 0.09090909090909091, 0.0, 0.0]",0.43459820850707814,0.5454545454545454,12.0,22.0
gpt_complex,12_10,0.0,"[0.6666666666666666, 0.2, 0.0, 0.0]",0.846481724890614,0.8571428571428571,6.0,7.0
gpt_complex,12_11,0.0,"[0.6666666666666666, 0.2, 0.0, 0.0]",0.846481724890614,0.8571428571428571,6.0,7.0
gpt_complex,12_12,0.169264840217347,"[0.6470588235294118, 0.4375, 0.26666666666666666, 0.07142857142857142]",0.6246347280002745,0.68,17.0,25.0
gpt_complex,12_13,0.0,"[0.3888888888888889, 0.17647058823529413, 0.0, 0.0]",0.7165313105737893,0.75,18.0,24.0
gpt_complex,13_0,0.6168739812596266,"[0.8426966292134831, 0.6836158192090396, 0.5568181818181818, 0.4514285714285714]",1.0,1.1710526315789473,178.0,152.0
gpt_complex,13_1,0.0,"[0.8333333333333334, 0.6, 0.25, 0.0]",0.846481724890614,0.8571428571428571,6.0,7.0
gpt_complex,13_2,1.0,"[1.0, 1.0, 1.0, 1.0]",1.0,1.0,8.0,8.0
gpt_complex,13_3,0.0,"[0.17647058823529413, 0.0, 0.0, 0.0]",0.6246347280002745,0.68,17.0,25.0
gpt_complex,13_4,0.0,"[0.8333333333333334, 0.6, 0.25, 0.0]",0.846481724890614,0.8571428571428571,6.0,7.0
gpt_complex,13_5,0.0,"[0.4, 0.15789473684210525, 0.05555555555555555, 0.0]",0.8187307530779819,0.8333333333333334,20.0,24.0
gpt_complex,13_6,0.0,"[0.5384615384615384, 0.25, 0.0, 0.0]",0.5836454781435741,0.65,13.0,20.0
gpt_complex,13_7,0.0,"[0.8333333333333334, 0.6, 0.25, 0.0]",0.846481724890614,0.8571428571428571,6.0,7.0
gpt_complex,13_8,0.0,"[0.7142857142857143, 0.3333333333333333, 0.0, 0.0]",0.8668778997501817,0.875,7.0,8.0
gpt_complex,13_9,0.0,"[0.4782608695652174, 0.2727272727272727, 0.047619047619047616, 0.0]",0.9167169520254864,0.92,23.0,25.0
gpt_complex,13_10,0.15566916266804204,"[0.8695652173913043, 0.2727272727272727, 0.23809523809523808, 0.2]",0.47752897762233404,0.575,23.0,40.0
gpt_complex,13_11,0.2186597437352254,"[0.6428571428571429, 0.38461538461538464, 0.3333333333333333, 0.2727272727272727]",0.5647181220077593,0.6363636363636364,14.0,22.0
gpt_complex,13_12,0.22904102289313635,"[0.7391304347826086, 0.4, 0.22727272727272727, 0.11627906976744186]",0.7703813975921459,0.7931034482758621,46.0,58.0
gpt_complex,13_13,0.0,"[0.6363636363636364, 0.4, 0.2222222222222222, 0.0]",1.0,1.1,11.0,10.0
gpt_complex,14_0,0.7929660097508401,"[0.949685534591195, 0.8544303797468354, 0.7452229299363057, 0.6538461538461539]",1.0,1.0460526315789473,159.0,152.0
gpt_complex,14_1,0.4347208719449914,"[0.7142857142857143, 0.5, 0.4, 0.25]",1.0,1.0,7.0,7.0
gpt_complex,14_2,0.17510534784233256,"[0.6521739130434783, 0.4090909090909091, 0.23809523809523808, 0.05]",0.7376042638218265,0.7666666666666667,23.0,30.0
gpt_complex,14_3,0.18471706734883164,"[0.5789473684210527, 0.2777777777777778, 0.17647058823529413, 0.0625]",0.9000876262522594,0.9047619047619048,19.0,21.0
gpt_complex,14_4,0.537284965911771,"[0.8333333333333334, 0.6, 0.5, 0.3333333333333333]",1.0,1.0,6.0,6.0
gpt_complex,14_5,0.537284965911771,"[0.8333333333333334, 0.6, 0.5, 0.3333333333333333]",1.0,1.0,6.0,6.0
gpt_complex,14_6,0.0,"[0.8, 0.25, 0.0, 0.0]",0.6703200460356393,0.7142857142857143,5.0,7.0
gpt_complex,14_7,0.16216797745412598,"[0.52, 0.3333333333333333, 0.21739130434782608, 0.09090909090909091]",0.6703200460356393,0.7142857142857143,25.0,35.0
gpt_complex,14_8,0.0,"[0.5, 0.1111111111111111, 0.0, 0.0]",0.301194211912202,0.45454545454545453,10.0,22.0
gpt_complex,14_9,0.11100757760876476,"[0.4666666666666667, 0.21428571428571427, 0.15384615384615385, 0.08333333333333333]",0.5866462195100318,0.6521739130434783,15.0,23.0
gpt_complex,14_10,0.537284965911771,"[0.8333333333333334, 0.6, 0.5, 0.3333333333333333]",1.0,1.0,6.0,6.0
gpt_complex,14_11,0.0,"[0.7391304347826086, 0.3181818181818182, 0.09523809523809523, 0.0]",0.8403699701308981,0.8518518518518519,23.0,27.0
gpt_complex,14_12,0.0,"[0.8, 0.25, 0.0, 0.0]",0.8187307530779819,0.8333333333333334,5.0,6.0
gpt_complex,14_13,0.0,"[0.6666666666666666, 0.2, 0.0, 0.0]",1.0,1.0,6.0,6.0
gpt_complex,15_0,0.5565643915598109,"[0.705607476635514, 0.6056338028169014, 0.5094339622641509, 0.44075829383886256]",1.0,1.4078947368421053,214.0,152.0
gpt_complex,15_1,0.0,"[0.36363636363636365, 0.047619047619047616, 0.0, 0.0]",0.6642538428642955,0.7096774193548387,22.0,31.0
gpt_complex,15_2,0.0,"[0.6666666666666666, 0.4, 0.0, 0.0]",1.0,1.0,6.0,6.0
gpt_complex,15_3,1.0,"[1.0, 1.0, 1.0, 1.0]",1.0,1.0,6.0,6.0
gpt_complex,15_4,1.0,"[1.0, 1.0, 1.0, 1.0]",1.0,1.0,6.0,6.0
gpt_complex,15_5,1.0,"[1.0, 1.0, 1.0, 1.0]",1.0,1.0,7.0,7.0
gpt_complex,15_6,0.0,"[0.55, 0.3157894736842105, 0.1111111111111111, 0.0]",0.6376281516217733,0.6896551724137931,20.0,29.0
gpt_complex,15_7,1.0,"[1.0, 1.0, 1.0, 1.0]",1.0,1.0,6.0,6.0
gpt_complex,15_8,0.0,"[0.47368421052631576, 0.16666666666666666, 0.058823529411764705, 0.0]",0.8101577349324267,0.8260869565217391,19.0,23.0
gpt_complex,15_9,1.0,"[1.0, 1.0, 1.0, 1.0]",1.0,1.0,6.0,6.0
gpt_complex,15_10,0.0,"[0.8333333333333334, 0.6, 0.25, 0.0]",1.0,1.0,6.0,6.0
gpt_complex,15_11,1.0,"[1.0, 1.0, 1.0, 1.0]",1.0,1.0,6.0,6.0
gpt_complex,15_12,0.537284965911771,"[0.8333333333333334, 0.6, 0.5, 0.3333333333333333]",1.0,1.0,6.0,6.0
gpt_complex,15_13,0.0,"[0.32, 0.08333333333333333, 0.0, 0.0]",0.8869204367171576,0.8928571428571429,25.0,28.0
gpt_complex,16_0,0.7929660097508401,"[0.949685534591195, 0.8544303797468354, 0.7452229299363057, 0.6538461538461539]",1.0,1.0460526315789473,159.0,152.0
gpt_complex,16_1,0.2447379626851035,"[0.5769230769230769, 0.36, 0.25, 0.17391304347826086]",0.7939226578179512,0.8125,26.0,32.0
gpt_complex,16_2,0.0,"[0.4375, 0.2, 0.07142857142857142, 0.0]",0.8290291181804004,0.8421052631578947,16.0,19.0
gpt_complex,16_3,0.0,"[0.42105263157894735, 0.1111111111111111, 0.058823529411764705, 0.0]",0.9000876262522594,0.9047619047619048,19.0,21.0
gpt_complex,16_4,0.0,"[0.6666666666666666, 0.4, 0.0, 0.0]",0.846481724890614,0.8571428571428571,6.0,7.0
gpt_complex,16_5,0.42383656282787796,"[0.8571428571428571, 0.6666666666666666, 0.4, 0.25]",0.8668778997501817,0.875,7.0,8.0
gpt_complex,16_6,1.0,"[1.0, 1.0, 1.0, 1.0]",1.0,1.0,7.0,7.0
gpt_complex,16_7,0.537284965911771,"[0.8333333333333334, 0.6, 0.5, 0.3333333333333333]",1.0,1.0,6.0,6.0
gpt_complex,16_8,0.21951524426618454,"[0.45, 0.2631578947368421, 0.16666666666666666, 0.11764705882352941]",1.0,1.1764705882352942,20.0,17.0
gpt_complex,16_9,0.0,"[0.8333333333333334, 0.6, 0.25, 0.0]",0.846481724890614,0.8571428571428571,6.0,7.0
gpt_complex,16_10,0.0,"[0.5, 0.2, 0.0, 0.0]",0.846481724890614,0.8571428571428571,6.0,7.0
gpt_complex,16_11,1.0,"[1.0, 1.0, 1.0, 1.0]",1.0,1.0,7.0,7.0
gpt_complex,16_12,0.16086400036256873,"[0.4666666666666667, 0.27586206896551724, 0.17857142857142858, 0.07407407407407407]",0.7918895663367818,0.8108108108108109,30.0,37.0
gpt_complex,16_13,0.6434588841607617,"[0.8571428571428571, 0.6666666666666666, 0.6, 0.5]",1.0,1.0,7.0,7.0
gpt_complex,17_0,0.5147689748739592,"[0.6728971962616822, 0.568075117370892, 0.4669811320754717, 0.3933649289099526]",1.0,1.4078947368421053,214.0,152.0
gpt_complex,17_1,1.0,"[1.0, 1.0, 1.0, 1.0]",1.0,1.0,8.0,8.0
gpt_complex,17_2,0.0,"[0.35294117647058826, 0.1875, 0.06666666666666667, 0.0]",0.7451888170134805,0.7727272727272727,17.0,22.0
gpt_complex,17_3,0.0,"[0.4, 0.14285714285714285, 0.07692307692307693, 0.0]",0.7659283383646487,0.7894736842105263,15.0,19.0
gpt_complex,17_4,0.0,"[0.8333333333333334, 0.6, 0.25, 0.0]",0.846481724890614,0.8571428571428571,6.0,7.0
gpt_complex,17_5,0.0,"[0.5238095238095238, 0.2, 0.0, 0.0]",0.788127627745311,0.8076923076923077,21.0,26.0
gpt_complex,17_6,0.0,"[0.6666666666666666, 0.2, 0.0, 0.0]",0.846481724890614,0.8571428571428571,6.0,7.0
gpt_complex,17_7,0.0,"[0.625, 0.3333333333333333, 0.14285714285714285, 0.0]",0.7788007830714049,0.8,16.0,20.0
gpt_complex,17_8,0.0,"[0.3333333333333333, 0.0, 0.0, 0.0]",0.513417119032592,0.6,9.0,15.0
gpt_complex,17_9,0.32700290934087334,"[0.6521739130434783, 0.4090909090909091, 0.2857142857142857, 0.15]",1.0,1.0,23.0,23.0
gpt_complex,17_10,0.0,"[0.8333333333333334, 0.6, 0.25, 0.0]",0.846481724890614,0.8571428571428571,6.0,7.0
gpt_complex,17_11,1.0,"[1.0, 1.0, 1.0, 1.0]",1.0,1.0,7.0,7.0
gpt_complex,17_12,0.1640438021985772,"[0.6, 0.35714285714285715, 0.15384615384615385, 0.08333333333333333]",0.7165313105737893,0.75,15.0,20.0
gpt_complex,17_13,0.0,"[0.17647058823529413, 0.0, 0.0, 0.0]",0.8890097654027757,0.8947368421052632,17.0,19.0
gpt_complex,18_0,0.5565643915598109,"[0.705607476635514, 0.6056338028169014, 0.5094339622641509, 0.44075829383886256]",1.0,1.4078947368421053,214.0,152.0
gpt_complex,18_1,1.0,"[1.0, 1.0, 1.0, 1.0]",1.0,1.0,6.0,6.0
gpt_complex,18_2,1.0,"[1.0, 1.0, 1.0, 1.0]",1.0,1.0,7.0,7.0
gpt_complex,18_3,1.0,"[1.0, 1.0, 1.0, 1.0]",1.0,1.0,7.0,7.0
gpt_complex,18_4,0.11315655591881238,"[0.52, 0.20833333333333334, 0.08695652173913043, 0.045454545454545456]",0.7866278610665535,0.8064516129032258,25.0,31.0
gpt_complex,18_5,1.0,"[1.0, 1.0, 1.0, 1.0]",1.0,1.0,6.0,6.0
gpt_complex,18_6,0.0,"[0.8333333333333334, 0.6, 0.25, 0.0]",1.0,1.0,6.0,6.0
gpt_complex,18_7,0.11962420817857651,"[0.42857142857142855, 0.25, 0.15789473684210525, 0.05555555555555555]",0.6832104226749482,0.7241379310344828,21.0,29.0
gpt_complex,18_8,0.0,"[0.42857142857142855, 0.07407407407407407, 0.0, 0.0]",0.8071177470053892,0.8235294117647058,28.0,34.0
gpt_complex,18_9,1.0,"[1.0, 1.0, 1.0, 1.0]",1.0,1.0,6.0,6.0
gpt_complex,18_10,0.26576936986455085,"[0.6363636363636364, 0.42857142857142855, 0.25, 0.10526315789473684]",0.9131007162822622,0.9166666666666666,22.0,24.0
gpt_complex,18_11,0.0,"[0.3125, 0.13333333333333333, 0.07142857142857142, 0.0]",0.5352614285189903,0.6153846153846154,16.0,26.0
gpt_complex,18_12,0.0,"[0.23529411764705882, 0.0625, 0.0, 0.0]",0.8890097654027757,0.8947368421052632,17.0,19.0
gpt_complex,18_13,0.0,"[0.4666666666666667, 0.21428571428571427, 0.07692307692307693, 0.0]",0.6703200460356393,0.7142857142857143,15.0,21.0
gpt_complex,19_0,0.7320149255854076,"[0.9056603773584906, 0.7974683544303798, 0.6815286624203821, 0.5833333333333334]",1.0,1.0460526315789473,159.0,152.0
gpt_complex,19_1,1.0,"[1.0, 1.0, 1.0, 1.0]",1.0,1.0,6.0,6.0
gpt_complex,19_2,0.0,"[0.8333333333333334, 0.6, 0.25, 0.0]",1.0,1.0,6.0,6.0
gpt_complex,19_3,0.8187307530779819,"[1.0, 1.0, 1.0, 1.0]",0.8187307530779819,0.8333333333333334,5.0,6.0
gpt_complex,19_4,1.0,"[1.0, 1.0, 1.0, 1.0]",1.0,1.0,7.0,7.0
gpt_complex,19_5,1.0,"[1.0, 1.0, 1.0, 1.0]",1.0,1.0,6.0,6.0
gpt_complex,19_6,0.0,"[0.36, 0.08333333333333333, 0.0, 0.0]",0.6187833918061408,0.6756756756756757,25.0,37.0
gpt_complex,19_7,0.12469192515065067,"[0.42857142857142855, 0.25, 0.10526315789473684, 0.05555555555555555]",0.788127627745311,0.8076923076923077,21.0,26.0
gpt_complex,19_8,0.0,"[0.3888888888888889, 0.058823529411764705, 0.0, 0.0]",0.846481724890614,0.8571428571428571,18.0,21.0
gpt_complex,19_9,1.0,"[1.0, 1.0, 1.0, 1.0]",1.0,1.0,6.0,6.0
gpt_complex,19_10,1.0,"[1.0, 1.0, 1.0, 1.0]",1.0,1.0,6.0,6.0
gpt_complex,19_11,0.0,"[0.46153846153846156, 0.16, 0.041666666666666664, 0.0]",0.825052966980536,0.8387096774193549,26.0,31.0
gpt_complex,19_12,1.0,"[1.0, 1.0, 1.0, 1.0]",1.0,1.0,6.0,6.0
gpt_complex,19_13,0.0,"[0.631578947368421, 0.16666666666666666, 0.058823529411764705, 0.0]",0.9487294800164372,0.95,19.0,20.0
gpt_complex,20_0,0.5842245124158779,"[0.8951048951048951, 0.6971830985915493, 0.5602836879432624, 0.42857142857142855]",0.9390025698932825,0.9407894736842105,143.0,152.0
gpt_complex,20_1,1.0,"[1.0, 1.0, 1.0, 1.0]",1.0,1.0,6.0,6.0
gpt_complex,20_2,0.0,"[0.8, 0.25, 0.0, 0.0]",0.8187307530779819,0.8333333333333334,5.0,6.0
gpt_complex,20_3,0.4347208719449914,"[0.7142857142857143, 0.5, 0.4, 0.25]",1.0,1.0,7.0,7.0
gpt_complex,20_4,1.0,"[1.0, 1.0, 1.0, 1.0]",1.0,1.0,6.0,6.0
gpt_complex,20_5,0.0,"[0.4, 0.0, 0.0, 0.0]",0.513417119032592,0.6,15.0,25.0
gpt_complex,20_6,0.0,"[0.38461538461538464, 0.0, 0.0, 0.0]",0.6303131865967199,0.6842105263157895,13.0,19.0
gpt_complex,20_7,1.0,"[1.0, 1.0, 1.0, 1.0]",1.0,1.0,7.0,7.0
gpt_complex,20_8,0.0,"[0.8333333333333334, 0.6, 0.25, 0.0]",0.846481724890614,0.8571428571428571,6.0,7.0
gpt_complex,20_9,0.28344584812651086,"[0.6666666666666666, 0.47058823529411764, 0.3125, 0.2]",0.7574651283969664,0.782608695652174,18.0,23.0
gpt_complex,20_10,0.0,"[0.7058823529411765, 0.3125, 0.13333333333333333, 0.0]",0.7451888170134805,0.7727272727272727,17.0,22.0
gpt_complex,20_11,0.0,"[0.8333333333333334, 0.6, 0.25, 0.0]",0.846481724890614,0.8571428571428571,6.0,7.0
gpt_complex,20_12,1.0,"[1.0, 1.0, 1.0, 1.0]",1.0,1.0,6.0,6.0
gpt_complex,20_13,0.1611433525002005,"[0.6875, 0.4, 0.14285714285714285, 0.07692307692307693]",0.6872892787909722,0.7272727272727273,16.0,22.0
EasyOCR,1_0,0.04079490725989497,"[0.23776223776223776, 0.04929577464788732, 0.02127659574468085, 0.014285714285714285]",0.9390025698932825,0.9407894736842105,143.0,152.0
EasyOCR,1_1,0.0,"[0.125, 0.0, 0.0, 0.0]",1.0,1.1428571428571428,8.0,7.0
EasyOCR,1_2,0.0,"[0.0, 0.0, 0.0, 0.0]",1.0,1.0,7.0,7.0
EasyOCR,1_3,0.0,"[0.0, 0.0, 0.0, 0.0]",1.0,1.1851851851851851,32.0,27.0
EasyOCR,1_4,0.0,"[0.0, 0.0, 0.0, 0.0]",0.9428731438548749,0.9444444444444444,17.0,18.0
EasyOCR,1_5,0.0,"[0.0, 0.0, 0.0, 0.0]",1.0,1.3333333333333333,8.0,6.0
EasyOCR,1_6,0.0,"[0.125, 0.0, 0.0, 0.0]",1.0,1.1428571428571428,8.0,7.0
EasyOCR,1_7,0.0,"[0.09090909090909091, 0.0, 0.0, 0.0]",1.0,1.5714285714285714,11.0,7.0
EasyOCR,1_8,0.0,"[0.0, 0.0, 0.0, 0.0]",1.0,1.2857142857142858,9.0,7.0
EasyOCR,1_9,0.0,"[0.034482758620689655, 0.0, 0.0, 0.0]",1.0,1.1153846153846154,29.0,26.0
EasyOCR,1_10,0.0,"[0.0, 0.0, 0.0, 0.0]",1.0,1.263157894736842,24.0,19.0
EasyOCR,1_11,0.0,"[0.043478260869565216, 0.0, 0.0, 0.0]",1.0,1.0454545454545454,23.0,22.0
EasyOCR,1_12,0.0,"[0.125, 0.0, 0.0, 0.0]",1.0,1.3333333333333333,8.0,6.0
EasyOCR,1_13,0.0,"[0.018518518518518517, 0.0, 0.0, 0.0]",1.0,1.9285714285714286,54.0,28.0
EasyOCR,2_0,0.06228850876388126,"[0.2565789473684211, 0.0728476821192053, 0.04, 0.020134228187919462]",1.0,1.0,152.0,152.0
EasyOCR,2_1,0.0,"[0.0, 0.0, 0.0, 0.0]",1.0,1.0,2.0,2.0
EasyOCR,2_2,0.0,"[0.0, 0.0, 0.0, 0.0]",1.0,1.2142857142857142,34.0,28.0
EasyOCR,2_3,0.0,"[0.08695652173913043, 0.0, 0.0, 0.0]",1.0,1.0,23.0,23.0
EasyOCR,2_4,0.0,"[0.10344827586206896, 0.0, 0.0, 0.0]",1.0,1.45,29.0,20.0
EasyOCR,2_5,0.0,"[0.0, 0.0, 0.0, 0.0]",1.0,1.6666666666666667,10.0,6.0
EasyOCR,2_6,0.0,"[0.07692307692307693, 0.0, 0.0, 0.0]",1.0,1.0833333333333333,26.0,24.0
EasyOCR,2_7,0.0,"[0.1, 0.0, 0.0, 0.0]",1.0,1.0,20.0,20.0
EasyOCR,2_8,0.0,"[0.0, 0.0, 0.0, 0.0]",0.8668778997501817,0.875,21.0,24.0
EasyOCR,2_9,0.0,"[0.0, 0.0, 0.0, 0.0]",1.0,1.1666666666666667,7.0,6.0
EasyOCR,2_10,0.0,"[0.1111111111111111, 0.0, 0.0, 0.0]",1.0,1.5,9.0,6.0
EasyOCR,2_11,0.0,"[0.07142857142857142, 0.0, 0.0, 0.0]",1.0,1.2727272727272727,28.0,22.0
EasyOCR,2_12,0.0,"[0.08, 0.0, 0.0, 0.0]",1.0,1.1904761904761905,25.0,21.0
EasyOCR,2_13,0.0,"[0.0, 0.0, 0.0, 0.0]",1.0,1.6666666666666667,10.0,6.0
EasyOCR,2_14,0.0,"[0.06557377049180328, 0.0, 0.0, 0.0]",1.0,2.44,61.0,25.0
EasyOCR,3_0,0.05598647422262162,"[0.27631578947368424, 0.052980132450331126, 0.03333333333333333, 0.020134228187919462]",1.0,1.0,152.0,152.0
EasyOCR,3_1,0.0,"[0.03571428571428571, 0.0, 0.0, 0.0]",1.0,1.2727272727272727,28.0,22.0
EasyOCR,3_2,0.0,"[0.03225806451612903, 0.0, 0.0, 0.0]",1.0,1.2916666666666667,31.0,24.0
EasyOCR,3_3,0.0,"[0.047619047619047616, 0.0, 0.0, 0.0]",0.909156442876713,0.9130434782608695,21.0,23.0
EasyOCR,3_4,0.0,"[0.0, 0.0, 0.0, 0.0]",1.0,1.6666666666666667,10.0,6.0
EasyOCR,3_5,0.0,"[0.0, 0.0, 0.0, 0.0]",1.0,1.2857142857142858,9.0,7.0
EasyOCR,3_6,0.0,"[0.08, 0.041666666666666664, 0.0, 0.0]",1.0,1.25,25.0,20.0
EasyOCR,3_7,0.0,"[0.027777777777777776, 0.0, 0.0, 0.0]",1.0,1.2413793103448276,36.0,29.0
EasyOCR,3_8,0.0,"[0.043478260869565216, 0.0, 0.0, 0.0]",1.0,1.0454545454545454,23.0,22.0
EasyOCR,3_9,0.0,"[0.0, 0.0, 0.0, 0.0]",1.0,1.0,6.0,6.0
EasyOCR,3_10,0.0,"[0.034482758620689655, 0.0, 0.0, 0.0]",1.0,1.2083333333333333,29.0,24.0
EasyOCR,3_11,0.0,"[0.1, 0.0, 0.0, 0.0]",1.0,1.1111111111111112,20.0,18.0
EasyOCR,3_12,0.0,"[0.047619047619047616, 0.0, 0.0, 0.0]",1.0,1.05,21.0,20.0
EasyOCR,3_13,0.0,"[0.022222222222222223, 0.0, 0.0, 0.0]",1.0,7.5,45.0,6.0
EasyOCR,4_0,0.07428294879175831,"[0.23308270676691728, 0.09848484848484848, 0.061068702290076333, 0.038461538461538464]",0.8668778997501817,0.875,133.0,152.0
EasyOCR,4_1,0.0,"[0.1111111111111111, 0.0, 0.0, 0.0]",1.0,1.5,9.0,6.0
EasyOCR,4_2,0.0,"[0.0, 0.0, 0.0, 0.0]",1.0,1.391304347826087,32.0,23.0
EasyOCR,4_3,0.0,"[0.1111111111111111, 0.0, 0.0, 0.0]",1.0,1.173913043478261,27.0,23.0
EasyOCR,4_4,0.0,"[0.0, 0.0, 0.0, 0.0]",1.0,1.1666666666666667,7.0,6.0
EasyOCR,4_5,0.0,"[0.0, 0.0, 0.0, 0.0]",1.0,1.3333333333333333,8.0,6.0
EasyOCR,4_6,0.0,"[0.03125, 0.0, 0.0, 0.0]",1.0,1.1851851851851851,32.0,27.0
EasyOCR,4_7,0.0,"[0.0, 0.0, 0.0, 0.0]",1.0,1.1111111111111112,20.0,18.0
EasyOCR,4_8,0.0,"[0.0, 0.0, 0.0, 0.0]",1.0,1.5,9.0,6.0
EasyOCR,4_9,0.0,"[0.0, 0.0, 0.0, 0.0]",1.0,1.1428571428571428,8.0,7.0
EasyOCR,4_10,0.0,"[0.07692307692307693, 0.0, 0.0, 0.0]",1.0,1.8571428571428572,13.0,7.0
EasyOCR,4_11,0.0,"[0.0, 0.0, 0.0, 0.0]",0.8668778997501817,0.875,21.0,24.0
EasyOCR,4_12,0.0,"[0.04, 0.0, 0.0, 0.0]",1.0,1.0416666666666667,25.0,24.0
EasyOCR,4_13,0.0,"[0.07317073170731707, 0.0, 0.0, 0.0]",1.0,3.727272727272727,41.0,11.0
EasyOCR,5_0,0.03989941606095619,"[0.2391304347826087, 0.072992700729927, 0.029411764705882353, 0.007407407407407408]",0.9035270092600377,0.9078947368421053,138.0,152.0
EasyOCR,5_1,0.0,"[0.0, 0.0, 0.0, 0.0]",1.0,1.0,1.0,1.0
EasyOCR,5_2,0.0,"[0.06666666666666667, 0.0, 0.0, 0.0]",1.0,1.0,30.0,30.0
EasyOCR,5_3,0.0,"[0.04, 0.0, 0.0, 0.0]",0.8521437889662112,0.8620689655172413,25.0,29.0
EasyOCR,5_4,0.0,"[0.16666666666666666, 0.0, 0.0, 0.0]",1.0,1.0434782608695652,24.0,23.0
EasyOCR,5_5,0.0,"[0.0, 0.0, 0.0, 0.0]",1.0,1.0476190476190477,22.0,21.0
EasyOCR,5_6,0.0,"[0.043478260869565216, 0.0, 0.0, 0.0]",1.0,1.0952380952380953,23.0,21.0
EasyOCR,5_7,0.0,"[0.0, 0.0, 0.0, 0.0]",1.0,1.0,7.0,7.0
EasyOCR,5_8,0.0,"[0.08695652173913043, 0.0, 0.0, 0.0]",0.8046150583253528,0.8214285714285714,23.0,28.0
EasyOCR,5_9,0.0,"[0.0, 0.0, 0.0, 0.0]",1.0,1.16,29.0,25.0
EasyOCR,5_10,0.0,"[0.0, 0.0, 0.0, 0.0]",1.0,1.3333333333333333,8.0,6.0
EasyOCR,5_11,0.0,"[0.0, 0.0, 0.0, 0.0]",0.8101577349324267,0.8260869565217391,19.0,23.0
EasyOCR,5_12,0.0,"[0.03571428571428571, 0.0, 0.0, 0.0]",1.0,1.2173913043478262,28.0,23.0
EasyOCR,5_13,0.0,"[0.0, 0.0, 0.0, 0.0]",1.0,1.1111111111111112,20.0,18.0
EasyOCR,5_14,0.0,"[0.0392156862745098, 0.0, 0.0, 0.0]",1.0,1.9615384615384615,51.0,26.0
EasyOCR,6_0,0.05440670488532216,"[0.25, 0.06666666666666667, 0.03731343283582089, 0.022556390977443608]",0.8890097654027757,0.8947368421052632,136.0,152.0
EasyOCR,6_1,0.0,"[0.0, 0.0, 0.0, 0.0]",1.0,1.0,1.0,1.0
EasyOCR,6_2,0.0,"[0.0, 0.0, 0.0, 0.0]",1.0,1.3333333333333333,28.0,21.0
EasyOCR,6_3,0.0,"[0.0625, 0.0, 0.0, 0.0]",0.7316156289466418,0.7619047619047619,16.0,21.0
EasyOCR,6_4,0.0,"[0.0, 0.0, 0.0, 0.0]",1.0,1.0,14.0,14.0
EasyOCR,6_5,0.0,"[0.0, 0.0, 0.0, 0.0]",1.0,1.1764705882352942,20.0,17.0
EasyOCR,6_6,0.0,"[0.0, 0.0, 0.0, 0.0]",1.0,1.2857142857142858,9.0,7.0
EasyOCR,6_7,0.0,"[0.12, 0.0, 0.0, 0.0]",1.0,1.1904761904761905,25.0,21.0
EasyOCR,6_8,0.0,"[0.0, 0.0, 0.0, 0.0]",1.0,1.0,7.0,7.0
EasyOCR,6_9,0.0,"[0.0, 0.0, 0.0, 0.0]",1.0,1.25,10.0,8.0
EasyOCR,6_10,0.0,"[0.09090909090909091, 0.0, 0.0, 0.0]",0.9555630362682843,0.9565217391304348,22.0,23.0
EasyOCR,6_11,0.0,"[0.045454545454545456, 0.0, 0.0, 0.0]",1.0,1.1578947368421053,22.0,19.0
EasyOCR,6_12,0.0,"[0.13636363636363635, 0.0, 0.0, 0.0]",1.0,1.2941176470588236,22.0,17.0
EasyOCR,6_13,0.0,"[0.0, 0.0, 0.0, 0.0]",1.0,1.0,7.0,7.0
EasyOCR,6_14,0.0,"[0.07692307692307693, 0.0, 0.0, 0.0]",1.0,1.2380952380952381,26.0,21.0
EasyOCR,7_0,0.07007749912090144,"[0.2857142857142857, 0.09090909090909091, 0.05343511450381679, 0.03076923076923077]",0.8668778997501817,0.875,133.0,152.0
EasyOCR,7_1,0.0,"[0.0, 0.0, 0.0, 0.0]",0.8187307530779819,0.8333333333333334,5.0,6.0
EasyOCR,7_2,0.0,"[0.058823529411764705, 0.0, 0.0, 0.0]",1.0,1.2592592592592593,34.0,27.0
EasyOCR,7_3,0.0,"[0.0, 0.0, 0.0, 0.0]",1.0,1.0,7.0,7.0
EasyOCR,7_4,0.0,"[0.11538461538461539, 0.0, 0.0, 0.0]",1.0,1.1818181818181819,26.0,22.0
EasyOCR,7_5,0.0,"[0.0, 0.0, 0.0, 0.0]",1.0,1.0,7.0,7.0
EasyOCR,7_6,0.0,"[0.0, 0.0, 0.0, 0.0]",1.0,1.25,10.0,8.0
EasyOCR,7_7,0.0,"[0.0, 0.0, 0.0, 0.0]",1.0,1.1666666666666667,7.0,6.0
EasyOCR,7_8,0.0,"[0.0, 0.0, 0.0, 0.0]",1.0,1.1428571428571428,24.0,21.0
EasyOCR,7_9,0.0,"[0.0, 0.0, 0.0, 0.0]",1.0,1.0,7.0,7.0
EasyOCR,7_10,0.0,"[0.0, 0.0, 0.0, 0.0]",1.0,1.0,7.0,7.0
EasyOCR,7_11,0.0,"[0.0, 0.0, 0.0, 0.0]",1.0,1.2857142857142858,9.0,7.0
EasyOCR,7_12,0.0,"[0.06451612903225806, 0.0, 0.0, 0.0]",1.0,1.1481481481481481,31.0,27.0
EasyOCR,7_13,0.0,"[0.0, 0.0, 0.0, 0.0]",1.0,1.2222222222222223,22.0,18.0
EasyOCR,8_0,0.0,"[0.226890756302521, 0.03389830508474576, 0.008547008547008548, 0.0]",0.7578188361320289,0.7828947368421053,119.0,152.0
EasyOCR,8_1,0.0,"[0.0, 0.0, 0.0, 0.0]",1.0,1.1666666666666667,7.0,6.0
EasyOCR,8_2,0.0,"[0.03225806451612903, 0.0, 0.0, 0.0]",1.0,1.1481481481481481,31.0,27.0
EasyOCR,8_3,0.0,"[0.07407407407407407, 0.0, 0.0, 0.0]",0.9636404443012863,0.9642857142857143,27.0,28.0
EasyOCR,8_4,0.0,"[0.047619047619047616, 0.0, 0.0, 0.0]",0.909156442876713,0.9130434782608695,21.0,23.0
EasyOCR,8_5,0.0,"[0.06666666666666667, 0.0, 0.0, 0.0]",1.0,1.0344827586206897,30.0,29.0
EasyOCR,8_6,0.0,"[0.21428571428571427, 0.0, 0.0, 0.0]",0.5647181220077593,0.6363636363636364,14.0,22.0
EasyOCR,8_7,0.0,"[0.04, 0.0, 0.0, 0.0]",1.0,1.1363636363636365,25.0,22.0
EasyOCR,8_8,0.0,"[0.034482758620689655, 0.0, 0.0, 0.0]",1.0,1.0740740740740742,29.0,27.0
EasyOCR,8_9,0.0,"[0.0, 0.0, 0.0, 0.0]",0.9048374180359595,0.9090909090909091,20.0,22.0
EasyOCR,8_10,0.0,"[0.08333333333333333, 0.0, 0.0, 0.0]",1.0,1.0,24.0,24.0
EasyOCR,8_11,0.0,"[0.029411764705882353, 0.0, 0.0, 0.0]",1.0,1.5454545454545454,34.0,22.0
EasyOCR,8_12,0.0,"[0.0, 0.0, 0.0, 0.0]",0.43459820850707814,0.5454545454545454,6.0,11.0
EasyOCR,8_13,0.0,"[0.038461538461538464, 0.0, 0.0, 0.0]",1.0,3.25,26.0,8.0
EasyOCR,9_0,0.04854390494734101,"[0.2631578947368421, 0.05303030303030303, 0.030534351145038167, 0.023076923076923078]",0.8668778997501817,0.875,133.0,152.0
EasyOCR,9_1,0.0,"[0.0, 0.0, 0.0, 0.0]",1.0,1.1428571428571428,8.0,7.0
EasyOCR,9_2,0.0,"[0.038461538461538464, 0.0, 0.0, 0.0]",1.0,1.1304347826086956,26.0,23.0
EasyOCR,9_3,0.0,"[0.125, 0.0, 0.0, 0.0]",1.0,1.1428571428571428,8.0,7.0
EasyOCR,9_4,0.0,"[0.1111111111111111, 0.0, 0.0, 0.0]",1.0,1.2857142857142858,9.0,7.0
EasyOCR,9_5,0.0,"[0.0, 0.0, 0.0, 0.0]",1.0,1.1428571428571428,8.0,7.0
EasyOCR,9_6,0.0,"[0.0, 0.0, 0.0, 0.0]",1.0,1.2857142857142858,9.0,7.0
EasyOCR,9_7,0.0,"[0.0, 0.0, 0.0, 0.0]",1.0,1.4285714285714286,10.0,7.0
EasyOCR,9_8,0.0,"[0.0, 0.0, 0.0, 0.0]",1.0,1.1428571428571428,8.0,7.0
EasyOCR,9_9,0.0,"[0.047619047619047616, 0.0, 0.0, 0.0]",0.788127627745311,0.8076923076923077,21.0,26.0
EasyOCR,9_10,0.0,"[0.1, 0.0, 0.0, 0.0]",0.4493289641172217,0.5555555555555556,10.0,18.0
EasyOCR,9_11,0.0,"[0.16666666666666666, 0.0, 0.0, 0.0]",1.0,1.0,6.0,6.0
EasyOCR,9_12,0.0,"[0.04, 0.0, 0.0, 0.0]",0.9231163463866358,0.9259259259259259,25.0,27.0
EasyOCR,9_13,0.0,"[0.10526315789473684, 0.0, 0.0, 0.0]",1.0,3.1666666666666665,19.0,6.0
EasyOCR,10_0,0.0346667505186909,"[0.2619047619047619, 0.064, 0.024193548387096774, 0.008130081300813009]",0.8135489302211806,0.8289473684210527,126.0,152.0
EasyOCR,10_1,0.0,"[0.0, 0.0, 0.0, 0.0]",1.0,1.1666666666666667,7.0,6.0
EasyOCR,10_2,0.0,"[0.16129032258064516, 0.0, 0.0, 0.0]",1.0,1.0333333333333334,31.0,30.0
EasyOCR,10_3,0.0,"[0.0, 0.0, 0.0, 0.0]",0.8187307530779819,0.8333333333333334,5.0,6.0
EasyOCR,10_4,0.0,"[0.0, 0.0, 0.0, 0.0]",1.0,1.125,27.0,24.0
EasyOCR,10_5,0.0,"[0.125, 0.0, 0.0, 0.0]",1.0,1.3333333333333333,8.0,6.0
EasyOCR,10_6,0.0,"[0.0, 0.0, 0.0, 0.0]",0.8824969025845955,0.8888888888888888,24.0,27.0
EasyOCR,10_7,0.0,"[0.125, 0.0, 0.0, 0.0]",0.6872892787909722,0.7272727272727273,16.0,22.0
EasyOCR,10_8,0.0,"[0.0, 0.0, 0.0, 0.0]",0.8187307530779819,0.8333333333333334,5.0,6.0
EasyOCR,10_9,0.0,"[0.0, 0.0, 0.0, 0.0]",1.0,1.3333333333333333,8.0,6.0
EasyOCR,10_10,0.0,"[0.13636363636363635, 0.0, 0.0, 0.0]",0.9555630362682843,0.9565217391304348,22.0,23.0
EasyOCR,10_11,0.0,"[0.0, 0.0, 0.0, 0.0]",1.0,1.5,9.0,6.0
EasyOCR,10_12,0.0,"[0.041666666666666664, 0.0, 0.0, 0.0]",1.0,1.1428571428571428,24.0,21.0
EasyOCR,10_13,0.0,"[0.09302325581395349, 0.0, 0.0, 0.0]",1.0,2.0476190476190474,43.0,21.0
EasyOCR,11_0,0.053288099292020816,"[0.3235294117647059, 0.05925925925925926, 0.029850746268656716, 0.022556390977443608]",0.8890097654027757,0.8947368421052632,136.0,152.0
EasyOCR,11_1,0.0,"[0.0, 0.0, 0.0, 0.0]",1.0,1.1666666666666667,7.0,6.0
EasyOCR,11_2,0.0,"[0.0, 0.0, 0.0, 0.0]",1.0,1.1666666666666667,7.0,6.0
EasyOCR,11_3,0.0,"[0.05263157894736842, 0.0, 0.0, 0.0]",0.9000876262522594,0.9047619047619048,19.0,21.0
EasyOCR,11_4,0.0,"[0.0, 0.0, 0.0, 0.0]",1.0,1.1666666666666667,7.0,6.0
EasyOCR,11_5,0.0,"[0.09523809523809523, 0.0, 0.0, 0.0]",0.9534969548334766,0.9545454545454546,21.0,22.0
EasyOCR,11_6,0.0,"[0.0, 0.0, 0.0, 0.0]",1.0,1.3333333333333333,8.0,6.0
EasyOCR,11_7,0.0,"[0.0, 0.0, 0.0, 0.0]",1.0,1.0,6.0,6.0
EasyOCR,11_8,0.0,"[0.09090909090909091, 0.0, 0.0, 0.0]",1.0,1.5714285714285714,11.0,7.0
EasyOCR,11_9,0.0,"[0.0, 0.0, 0.0, 0.0]",0.846481724890614,0.8571428571428571,6.0,7.0
EasyOCR,11_10,0.0,"[0.0, 0.0, 0.0, 0.0]",1.0,1.0,6.0,6.0
EasyOCR,11_11,0.0,"[0.15, 0.0, 0.0, 0.0]",0.8187307530779819,0.8333333333333334,20.0,24.0
EasyOCR,11_12,0.0,"[0.0, 0.0, 0.0, 0.0]",1.0,1.2857142857142858,9.0,7.0
EasyOCR,11_13,0.0,"[0.05555555555555555, 0.0, 0.0, 0.0]",1.0,2.5714285714285716,18.0,7.0
EasyOCR,12_0,0.0,"[0.25471698113207547, 0.02857142857142857, 0.009615384615384616, 0.0]",0.6479367054657429,0.6973684210526315,106.0,152.0
EasyOCR,12_1,0.0,"[0.0625, 0.0, 0.0, 0.0]",1.0,1.1851851851851851,32.0,27.0
EasyOCR,12_2,0.0,"[0.07692307692307693, 0.0, 0.0, 0.0]",0.5836454781435741,0.65,13.0,20.0
EasyOCR,12_3,0.0,"[0.0, 0.0, 0.0, 0.0]",1.0,1.5,9.0,6.0
EasyOCR,12_4,0.0,"[0.0, 0.0, 0.0, 0.0]",1.0,1.8,9.0,5.0
EasyOCR,12_5,0.0,"[0.0, 0.0, 0.0, 0.0]",1.0,1.5,9.0,6.0
EasyOCR,12_6,0.0,"[0.06666666666666667, 0.0, 0.0, 0.0]",1.0,1.0714285714285714,30.0,28.0
EasyOCR,12_7,0.0,"[0.045454545454545456, 0.0, 0.0, 0.0]",0.7613003866968737,0.7857142857142857,22.0,28.0
EasyOCR,12_8,0.0,"[0.15, 0.0, 0.0, 0.0]",0.8187307530779819,0.8333333333333334,20.0,24.0
EasyOCR,12_9,0.0,"[0.10526315789473684, 0.0, 0.0, 0.0]",0.8539396656235351,0.8636363636363636,19.0,22.0
EasyOCR,12_10,0.0,"[0.0, 0.0, 0.0, 0.0]",1.0,1.1428571428571428,8.0,7.0
EasyOCR,12_11,0.0,"[0.0, 0.0, 0.0, 0.0]",0.846481724890614,0.8571428571428571,6.0,7.0
EasyOCR,12_12,0.0,"[0.15, 0.0, 0.0, 0.0]",0.7788007830714049,0.8,20.0,25.0
EasyOCR,12_13,0.0,"[0.0, 0.0, 0.0, 0.0]",1.0,2.1666666666666665,52.0,24.0
EasyOCR,13_0,0.041654274194215225,"[0.2028985507246377, 0.051094890510948905, 0.029411764705882353, 0.014814814814814815]",0.9035270092600377,0.9078947368421053,138.0,152.0
EasyOCR,13_1,0.0,"[0.0, 0.0, 0.0, 0.0]",1.0,1.4285714285714286,10.0,7.0
EasyOCR,13_2,0.0,"[0.0, 0.0, 0.0, 0.0]",1.0,1.25,10.0,8.0
EasyOCR,13_3,0.0,"[0.06666666666666667, 0.0, 0.0, 0.0]",0.513417119032592,0.6,15.0,25.0
EasyOCR,13_4,0.0,"[0.0, 0.0, 0.0, 0.0]",0.846481724890614,0.8571428571428571,6.0,7.0
EasyOCR,13_5,0.0,"[0.037037037037037035, 0.0, 0.0, 0.0]",1.0,1.125,27.0,24.0
EasyOCR,13_6,0.0,"[0.041666666666666664, 0.0, 0.0, 0.0]",1.0,1.2,24.0,20.0
EasyOCR,13_7,0.0,"[0.0, 0.0, 0.0, 0.0]",1.0,1.8571428571428572,13.0,7.0
EasyOCR,13_8,0.0,"[0.0, 0.0, 0.0, 0.0]",0.8668778997501817,0.875,7.0,8.0
EasyOCR,13_9,0.0,"[0.04, 0.0, 0.0, 0.0]",1.0,1.0,25.0,25.0
EasyOCR,13_10,0.0,"[0.041666666666666664, 0.0, 0.0, 0.0]",1.0,1.2,48.0,40.0
EasyOCR,13_11,0.0,"[0.08, 0.0, 0.0, 0.0]",1.0,1.1363636363636365,25.0,22.0
EasyOCR,13_12,0.0,"[0.09803921568627451, 0.0, 0.0, 0.0]",0.871747987537453,0.8793103448275862,51.0,58.0
EasyOCR,13_13,0.0,"[0.0, 0.0, 0.0, 0.0]",1.0,2.3,23.0,10.0
EasyOCR,14_0,0.0,"[0.2556390977443609, 0.030303030303030304, 0.007633587786259542, 0.0]",0.8668778997501817,0.875,133.0,152.0
EasyOCR,14_1,0.0,"[0.0, 0.0, 0.0, 0.0]",0.6703200460356393,0.7142857142857143,5.0,7.0
EasyOCR,14_2,0.0,"[0.04, 0.0, 0.0, 0.0]",0.8187307530779819,0.8333333333333334,25.0,30.0
EasyOCR,14_3,0.0,"[0.09523809523809523, 0.0, 0.0, 0.0]",1.0,1.0,21.0,21.0
EasyOCR,14_4,0.0,"[0.0, 0.0, 0.0, 0.0]",1.0,1.0,6.0,6.0
EasyOCR,14_5,0.0,"[0.0, 0.0, 0.0, 0.0]",1.0,1.1666666666666667,7.0,6.0
EasyOCR,14_6,0.0,"[0.0, 0.0, 0.0, 0.0]",1.0,1.1428571428571428,8.0,7.0
EasyOCR,14_7,0.0,"[0.10526315789473684, 0.0, 0.0, 0.0]",1.0,1.0857142857142856,38.0,35.0
EasyOCR,14_8,0.0,"[0.0625, 0.0, 0.0, 0.0]",0.6872892787909722,0.7272727272727273,16.0,22.0
EasyOCR,14_9,0.0,"[0.05263157894736842, 0.0, 0.0, 0.0]",0.8101577349324267,0.8260869565217391,19.0,23.0
EasyOCR,14_10,0.0,"[0.0, 0.0, 0.0, 0.0]",1.0,1.3333333333333333,8.0,6.0
EasyOCR,14_11,0.0,"[0.03225806451612903, 0.0, 0.0, 0.0]",1.0,1.1481481481481481,31.0,27.0
EasyOCR,14_12,0.0,"[0.0, 0.0, 0.0, 0.0]",1.0,1.1666666666666667,7.0,6.0
EasyOCR,14_13,0.0,"[0.03225806451612903, 0.0, 0.0, 0.0]",1.0,5.166666666666667,31.0,6.0
EasyOCR,15_0,0.06316894429489846,"[0.30656934306569344, 0.08088235294117647, 0.044444444444444446, 0.022388059701492536]",0.8962919777242007,0.9013157894736842,137.0,152.0
EasyOCR,15_1,0.0,"[0.0, 0.0, 0.0, 0.0]",0.898397321348071,0.9032258064516129,28.0,31.0
EasyOCR,15_2,0.0,"[0.0, 0.0, 0.0, 0.0]",1.0,1.1666666666666667,7.0,6.0
EasyOCR,15_3,0.0,"[0.0, 0.0, 0.0, 0.0]",1.0,1.1666666666666667,7.0,6.0
EasyOCR,15_4,0.0,"[0.0, 0.0, 0.0, 0.0]",1.0,1.5,9.0,6.0
EasyOCR,15_5,0.0,"[0.0, 0.0, 0.0, 0.0]",0.6703200460356393,0.7142857142857143,5.0,7.0
EasyOCR,15_6,0.0,"[0.075, 0.0, 0.0, 0.0]",1.0,1.3793103448275863,40.0,29.0
EasyOCR,15_7,0.0,"[0.0, 0.0, 0.0, 0.0]",1.0,1.0,6.0,6.0
EasyOCR,15_8,0.0,"[0.05, 0.0, 0.0, 0.0]",0.8607079764250577,0.8695652173913043,20.0,23.0
EasyOCR,15_9,0.0,"[0.0, 0.0, 0.0, 0.0]",0.8187307530779819,0.8333333333333334,5.0,6.0
EasyOCR,15_10,0.0,"[0.0, 0.0, 0.0, 0.0]",1.0,1.3333333333333333,8.0,6.0
EasyOCR,15_11,0.0,"[0.0, 0.0, 0.0, 0.0]",0.8187307530779819,0.8333333333333334,5.0,6.0
EasyOCR,15_12,0.0,"[0.0, 0.0, 0.0, 0.0]",1.0,1.0,6.0,6.0
EasyOCR,15_13,0.0,"[0.041666666666666664, 0.0, 0.0, 0.0]",1.0,1.7142857142857142,48.0,28.0
EasyOCR,16_0,0.07971774162301826,"[0.2727272727272727, 0.08496732026143791, 0.05263157894736842, 0.033112582781456956]",1.0,1.013157894736842,154.0,152.0
EasyOCR,16_1,0.0,"[0.10526315789473684, 0.0, 0.0, 0.0]",1.0,1.1875,38.0,32.0
EasyOCR,16_2,0.0,"[0.08333333333333333, 0.0, 0.0, 0.0]",1.0,1.263157894736842,24.0,19.0
EasyOCR,16_3,0.0,"[0.0, 0.0, 0.0, 0.0]",0.7903383629814982,0.8095238095238095,17.0,21.0
EasyOCR,16_4,0.0,"[0.0, 0.0, 0.0, 0.0]",0.846481724890614,0.8571428571428571,6.0,7.0
EasyOCR,16_5,0.0,"[0.0, 0.0, 0.0, 0.0]",0.8668778997501817,0.875,7.0,8.0
EasyOCR,16_6,0.0,"[0.0, 0.0, 0.0, 0.0]",1.0,1.2857142857142858,9.0,7.0
EasyOCR,16_7,0.0,"[0.0, 0.0, 0.0, 0.0]",1.0,1.0,6.0,6.0
EasyOCR,16_8,0.0,"[0.058823529411764705, 0.0, 0.0, 0.0]",1.0,1.0,17.0,17.0
EasyOCR,16_9,0.0,"[0.0, 0.0, 0.0, 0.0]",0.6703200460356393,0.7142857142857143,5.0,7.0
EasyOCR,16_10,0.0,"[0.0, 0.0, 0.0, 0.0]",1.0,1.1428571428571428,8.0,7.0
EasyOCR,16_11,0.0,"[0.0, 0.0, 0.0, 0.0]",0.846481724890614,0.8571428571428571,6.0,7.0
EasyOCR,16_12,0.0,"[0.0, 0.0, 0.0, 0.0]",0.9155454289236553,0.918918918918919,34.0,37.0
EasyOCR,16_13,0.0,"[0.0, 0.0, 0.0, 0.0]",1.0,6.142857142857143,43.0,7.0
EasyOCR,17_0,0.0,"[0.25675675675675674, 0.05442176870748299, 0.00684931506849315, 0.0]",0.9733349348192527,0.9736842105263158,148.0,152.0
EasyOCR,17_1,0.0,"[0.0, 0.0, 0.0, 0.0]",1.0,1.125,9.0,8.0
EasyOCR,17_2,0.0,"[0.1, 0.0, 0.0, 0.0]",0.9048374180359595,0.9090909090909091,20.0,22.0
EasyOCR,17_3,0.0,"[0.0, 0.0, 0.0, 0.0]",1.0,1.105263157894737,21.0,19.0
EasyOCR,17_4,0.0,"[0.0, 0.0, 0.0, 0.0]",0.846481724890614,0.8571428571428571,6.0,7.0
EasyOCR,17_5,0.0,"[0.05, 0.0, 0.0, 0.0]",0.740818220681718,0.7692307692307693,20.0,26.0
EasyOCR,17_6,0.0,"[0.0, 0.0, 0.0, 0.0]",0.846481724890614,0.8571428571428571,6.0,7.0
EasyOCR,17_7,0.0,"[0.09523809523809523, 0.0, 0.0, 0.0]",1.0,1.05,21.0,20.0
EasyOCR,17_8,0.0,"[0.1111111111111111, 0.0, 0.0, 0.0]",0.513417119032592,0.6,9.0,15.0
EasyOCR,17_9,0.0,"[0.0, 0.0, 0.0, 0.0]",1.0,1.173913043478261,27.0,23.0
EasyOCR,17_10,0.0,"[0.0, 0.0, 0.0, 0.0]",0.846481724890614,0.8571428571428571,6.0,7.0
EasyOCR,17_11,0.0,"[0.0, 0.0, 0.0, 0.0]",0.846481724890614,0.8571428571428571,6.0,7.0
EasyOCR,17_12,0.0,"[0.06666666666666667, 0.0, 0.0, 0.0]",0.7165313105737893,0.75,15.0,20.0
EasyOCR,17_13,0.0,"[0.027777777777777776, 0.0, 0.0, 0.0]",1.0,1.894736842105263,36.0,19.0
EasyOCR,18_0,0.03211703869322948,"[0.2635135135135135, 0.047619047619047616, 0.0136986301369863, 0.006896551724137931]",0.9733349348192527,0.9736842105263158,148.0,152.0
EasyOCR,18_1,0.0,"[0.14285714285714285, 0.0, 0.0, 0.0]",1.0,1.1666666666666667,7.0,6.0
EasyOCR,18_2,0.0,"[0.0, 0.0, 0.0, 0.0]",0.6703200460356393,0.7142857142857143,5.0,7.0
EasyOCR,18_3,0.0,"[0.0, 0.0, 0.0, 0.0]",1.0,1.1428571428571428,8.0,7.0
EasyOCR,18_4,0.0,"[0.04, 0.0, 0.0, 0.0]",0.7866278610665535,0.8064516129032258,25.0,31.0
EasyOCR,18_5,0.0,"[0.0, 0.0, 0.0, 0.0]",1.0,1.1666666666666667,7.0,6.0
EasyOCR,18_6,0.0,"[0.0, 0.0, 0.0, 0.0]",1.0,1.1666666666666667,7.0,6.0
EasyOCR,18_7,0.0,"[0.0, 0.0, 0.0, 0.0]",1.0,1.0,29.0,29.0
EasyOCR,18_8,0.0,"[0.030303030303030304, 0.0, 0.0, 0.0]",0.9701515036966302,0.9705882352941176,33.0,34.0
EasyOCR,18_9,0.0,"[0.0, 0.0, 0.0, 0.0]",0.6065306597126334,0.6666666666666666,4.0,6.0
EasyOCR,18_10,0.0,"[0.07407407407407407, 0.0, 0.0, 0.0]",1.0,1.125,27.0,24.0
EasyOCR,18_11,0.0,"[0.0, 0.0, 0.0, 0.0]",0.48030530108979935,0.5769230769230769,15.0,26.0
EasyOCR,18_12,0.0,"[0.05, 0.0, 0.0, 0.0]",1.0,1.0526315789473684,20.0,19.0
EasyOCR,18_13,0.0,"[0.02702702702702703, 0.0, 0.0, 0.0]",1.0,1.7619047619047619,37.0,21.0
EasyOCR,19_0,0.06502492205989063,"[0.2727272727272727, 0.08396946564885496, 0.046153846153846156, 0.031007751937984496]",0.8594048608885094,0.868421052631579,132.0,152.0
EasyOCR,19_1,0.0,"[0.14285714285714285, 0.0, 0.0, 0.0]",1.0,1.1666666666666667,7.0,6.0
EasyOCR,19_2,0.0,"[0.0, 0.0, 0.0, 0.0]",1.0,1.0,6.0,6.0
EasyOCR,19_3,0.0,"[0.0, 0.0, 0.0, 0.0]",1.0,1.3333333333333333,8.0,6.0
EasyOCR,19_4,0.0,"[0.0, 0.0, 0.0, 0.0]",1.0,1.2857142857142858,9.0,7.0
EasyOCR,19_5,0.0,"[0.16666666666666666, 0.0, 0.0, 0.0]",1.0,1.0,6.0,6.0
EasyOCR,19_6,0.0,"[0.04878048780487805, 0.0, 0.0, 0.0]",1.0,1.1081081081081081,41.0,37.0
EasyOCR,19_7,0.0,"[0.05, 0.0, 0.0, 0.0]",0.740818220681718,0.7692307692307693,20.0,26.0
EasyOCR,19_8,0.0,"[0.05263157894736842, 0.0, 0.0, 0.0]",0.9000876262522594,0.9047619047619048,19.0,21.0
EasyOCR,19_9,0.0,"[0.0, 0.0, 0.0, 0.0]",1.0,1.5,9.0,6.0
EasyOCR,19_10,0.0,"[0.0, 0.0, 0.0, 0.0]",1.0,1.0,6.0,6.0
EasyOCR,19_11,0.0,"[0.02857142857142857, 0.0, 0.0, 0.0]",1.0,1.1290322580645162,35.0,31.0
EasyOCR,19_12,0.0,"[0.0, 0.0, 0.0, 0.0]",0.8187307530779819,0.8333333333333334,5.0,6.0
EasyOCR,19_13,0.0,"[0.021739130434782608, 0.0, 0.0, 0.0]",1.0,2.3,46.0,20.0
EasyOCR,20_0,0.06302404614688824,"[0.29770992366412213, 0.09230769230769231, 0.046511627906976744, 0.0234375]",0.8518836321100529,0.8618421052631579,131.0,152.0
EasyOCR,20_1,0.0,"[0.0, 0.0, 0.0, 0.0]",1.0,1.0,6.0,6.0
EasyOCR,20_2,0.0,"[0.0, 0.0, 0.0, 0.0]",0.8187307530779819,0.8333333333333334,5.0,6.0
EasyOCR,20_3,0.0,"[0.0, 0.0, 0.0, 0.0]",1.0,1.2857142857142858,9.0,7.0
EasyOCR,20_4,0.0,"[0.0, 0.0, 0.0, 0.0]",1.0,1.3333333333333333,8.0,6.0
EasyOCR,20_5,0.0,"[0.0, 0.0, 0.0, 0.0]",0.8265654376242381,0.84,21.0,25.0
EasyOCR,20_6,0.0,"[0.0, 0.0, 0.0, 0.0]",0.8890097654027757,0.8947368421052632,17.0,19.0
EasyOCR,20_7,0.0,"[0.0, 0.0, 0.0, 0.0]",1.0,1.0,7.0,7.0
EasyOCR,20_8,0.0,"[0.0, 0.0, 0.0, 0.0]",1.0,1.1428571428571428,8.0,7.0
EasyOCR,20_9,0.0,"[0.038461538461538464, 0.0, 0.0, 0.0]",1.0,1.1304347826086956,26.0,23.0
EasyOCR,20_10,0.0,"[0.0, 0.0, 0.0, 0.0]",1.0,1.0454545454545454,23.0,22.0
EasyOCR,20_11,0.0,"[0.1111111111111111, 0.0, 0.0, 0.0]",1.0,1.2857142857142858,9.0,7.0
EasyOCR,20_12,0.0,"[0.0, 0.0, 0.0, 0.0]",1.0,1.5,9.0,6.0
EasyOCR,20_13,0.0,"[0.02564102564102564, 0.0, 0.0, 0.0]",1.0,1.7727272727272727,39.0,22.0
TrOCR50,1_4,0.0,"[0.3333333333333333, 0.125, 0.0, 0.0]",0.36787944117144233,0.5,9.0,18.0
TrOCR50,1_8,0.488923022434901,"[0.8571428571428571, 0.6666666666666666, 0.4, 0.25]",1.0,1.0,7.0,7.0
TrOCR50,1_9,0.0,"[0.14285714285714285, 0.0, 0.0, 0.0]",0.06625225915226167,0.2692307692307692,7.0,26.0
TrOCR50,1_10,0.0,"[0.125, 0.0, 0.0, 0.0]",0.25283959580474646,0.42105263157894735,8.0,19.0
TrOCR50,1_11,0.0,"[0.3157894736842105, 0.1111111111111111, 0.0, 0.0]",0.8539396656235351,0.8636363636363636,19.0,22.0
TrOCR50,1_12,0.0,"[0.7142857142857143, 0.5, 0.2, 0.0]",1.0,1.1666666666666667,7.0,6.0
TrOCR50,1_13,0.0,"[0.16666666666666666, 0.043478260869565216, 0.0, 0.0]",0.846481724890614,0.8571428571428571,24.0,28.0
TrOCR50,2_3,0.0,"[0.3157894736842105, 0.16666666666666666, 0.058823529411764705, 0.0]",0.8101577349324267,0.8260869565217391,19.0,23.0
TrOCR50,2_5,0.0,"[0.625, 0.2857142857142857, 0.0, 0.0]",1.0,1.3333333333333333,8.0,6.0
TrOCR50,2_6,0.0,"[0.3333333333333333, 0.125, 0.0, 0.0]",0.18887560283756186,0.375,9.0,24.0
TrOCR50,2_7,0.0,"[0.0, 0.0, 0.0, 0.0]",0.29457482831010734,0.45,9.0,20.0
TrOCR50,2_9,0.0,"[0.7142857142857143, 0.5, 0.2, 0.0]",1.0,1.1666666666666667,7.0,6.0
TrOCR50,2_11,0.0,"[0.3125, 0.06666666666666667, 0.0, 0.0]",0.6872892787909722,0.7272727272727273,16.0,22.0
TrOCR50,2_12,0.0,"[0.125, 0.0, 0.0, 0.0]",0.19691167520419406,0.38095238095238093,8.0,21.0
TrOCR50,2_13,0.488923022434901,"[0.8571428571428571, 0.6666666666666666, 0.4, 0.25]",1.0,1.1666666666666667,7.0,6.0
TrOCR50,2_14,0.0,"[0.05263157894736842, 0.0, 0.0, 0.0]",0.729212952525235,0.76,19.0,25.0
TrOCR50,3_2,0.0,"[0.1111111111111111, 0.0, 0.0, 0.0]",0.18887560283756186,0.375,9.0,24.0
TrOCR50,3_3,0.0,"[0.20833333333333334, 0.08695652173913043, 0.0, 0.0]",1.0,1.0434782608695652,24.0,23.0
TrOCR50,3_5,0.488923022434901,"[0.8571428571428571, 0.6666666666666666, 0.4, 0.25]",1.0,1.0,7.0,7.0
TrOCR50,3_7,0.0,"[0.1111111111111111, 0.0, 0.0, 0.0]",0.10836802322189586,0.3103448275862069,9.0,29.0
TrOCR50,3_8,0.0,"[0.3333333333333333, 0.058823529411764705, 0.0, 0.0]",0.8007374029168082,0.8181818181818182,18.0,22.0
TrOCR50,3_9,0.0,"[0.7142857142857143, 0.5, 0.2, 0.0]",1.0,1.1666666666666667,7.0,6.0
TrOCR50,3_12,0.2061477352156375,"[0.35, 0.2631578947368421, 0.16666666666666666, 0.11764705882352941]",1.0,1.0,20.0,20.0
TrOCR50,3_13,0.0,"[0.7142857142857143, 0.5, 0.2, 0.0]",1.0,1.1666666666666667,7.0,6.0
TrOCR50,4_1,0.0,"[0.7142857142857143, 0.5, 0.2, 0.0]",1.0,1.1666666666666667,7.0,6.0
TrOCR50,4_2,0.0,"[0.0625, 0.0, 0.0, 0.0]",0.645648526427892,0.6956521739130435,16.0,23.0
TrOCR50,4_3,0.0,"[0.21739130434782608, 0.045454545454545456, 0.0, 0.0]",1.0,1.0,23.0,23.0
TrOCR50,4_4,0.0,"[0.625, 0.2857142857142857, 0.0, 0.0]",1.0,1.3333333333333333,8.0,6.0
TrOCR50,4_5,0.0,"[0.7142857142857143, 0.5, 0.2, 0.0]",1.0,1.1666666666666667,7.0,6.0
TrOCR50,4_7,0.0,"[0.35, 0.15789473684210525, 0.05555555555555555, 0.0]",1.0,1.1111111111111112,20.0,18.0
TrOCR50,4_8,0.0,"[0.7142857142857143, 0.5, 0.2, 0.0]",1.0,1.1666666666666667,7.0,6.0
TrOCR50,4_10,0.488923022434901,"[0.8571428571428571, 0.6666666666666666, 0.4, 0.25]",1.0,1.0,7.0,7.0
TrOCR50,4_12,0.0,"[0.1111111111111111, 0.0, 0.0, 0.0]",0.18887560283756186,0.375,9.0,24.0
TrOCR50,5_1,0.0,"[0.14285714285714285, 0.0, 0.0, 0.0]",1.0,7.0,7.0,1.0
TrOCR50,5_4,0.12292213109772189,"[0.38095238095238093, 0.15, 0.10526315789473684, 0.05555555555555555]",0.909156442876713,0.9130434782608695,21.0,23.0
TrOCR50,5_5,0.0,"[0.2222222222222222, 0.058823529411764705, 0.0, 0.0]",0.846481724890614,0.8571428571428571,18.0,21.0
TrOCR50,5_7,0.0,"[0.7142857142857143, 0.5, 0.2, 0.0]",1.0,1.0,7.0,7.0
TrOCR50,5_10,0.0,"[0.8571428571428571, 0.6666666666666666, 0.4, 0.0]",1.0,1.1666666666666667,7.0,6.0
TrOCR50,5_12,0.0,"[0.14285714285714285, 0.05, 0.0, 0.0]",0.909156442876713,0.9130434782608695,21.0,23.0
TrOCR50,5_13,0.0,"[0.23529411764705882, 0.0625, 0.0, 0.0]",0.9428731438548749,0.9444444444444444,17.0,18.0
TrOCR50,6_4,0.0,"[0.0, 0.0, 0.0, 0.0]",0.4723665527410147,0.5714285714285714,8.0,14.0
TrOCR50,6_7,0.0,"[0.22727272727272727, 0.0, 0.0, 0.0]",1.0,1.0476190476190477,22.0,21.0
TrOCR50,6_11,0.0,"[0.1111111111111111, 0.0, 0.0, 0.0]",0.9459594689067654,0.9473684210526315,18.0,19.0
TrOCR50,6_13,0.0,"[0.0, 0.0, 0.0, 0.0]",1.0,3.5714285714285716,25.0,7.0
TrOCR50,7_1,0.0,"[0.42857142857142855, 0.16666666666666666, 0.0, 0.0]",1.0,1.1666666666666667,7.0,6.0
TrOCR50,7_5,0.0,"[0.42857142857142855, 0.16666666666666666, 0.0, 0.0]",1.0,1.0,7.0,7.0
TrOCR50,7_8,0.0,"[0.23529411764705882, 0.0625, 0.0, 0.0]",0.7903383629814982,0.8095238095238095,17.0,21.0
TrOCR50,7_9,0.0,"[0.5714285714285714, 0.3333333333333333, 0.2, 0.0]",1.0,1.0,7.0,7.0
TrOCR50,7_11,0.0,"[0.5714285714285714, 0.3333333333333333, 0.2, 0.0]",1.0,1.0,7.0,7.0
TrOCR50,7_13,0.0,"[0.13636363636363635, 0.047619047619047616, 0.0, 0.0]",1.0,1.2222222222222223,22.0,18.0
TrOCR50,8_1,0.0,"[0.7142857142857143, 0.5, 0.2, 0.0]",1.0,1.1666666666666667,7.0,6.0
TrOCR50,8_3,0.0,"[0.19230769230769232, 0.0, 0.0, 0.0]",0.925961078642316,0.9285714285714286,26.0,28.0
TrOCR50,8_4,0.0,"[0.23809523809523808, 0.05, 0.0, 0.0]",0.909156442876713,0.9130434782608695,21.0,23.0
TrOCR50,8_6,0.0,"[0.22727272727272727, 0.0, 0.0, 0.0]",1.0,1.0,22.0,22.0
TrOCR50,8_7,0.0,"[0.23809523809523808, 0.0, 0.0, 0.0]",0.9534969548334766,0.9545454545454546,21.0,22.0
TrOCR50,8_12,0.0,"[0.8571428571428571, 0.6666666666666666, 0.4, 0.0]",0.5647181220077593,0.6363636363636364,7.0,11.0
TrOCR50,8_13,0.5154486831107657,"[1.0, 0.8333333333333334, 0.6, 0.25]",0.8668778997501817,0.875,7.0,8.0
TrOCR50,9_3,0.0,"[0.8571428571428571, 0.6666666666666666, 0.4, 0.0]",1.0,1.0,7.0,7.0
TrOCR50,9_4,0.0,"[0.8571428571428571, 0.6666666666666666, 0.4, 0.0]",1.0,1.0,7.0,7.0
TrOCR50,9_9,0.0,"[0.5, 0.19047619047619047, 0.0, 0.0]",0.8337529180751805,0.8461538461538461,22.0,26.0
TrOCR50,9_11,0.0,"[0.5714285714285714, 0.3333333333333333, 0.0, 0.0]",1.0,1.1666666666666667,7.0,6.0
TrOCR50,9_12,0.0,"[0.3888888888888889, 0.17647058823529413, 0.0, 0.0]",0.6065306597126334,0.6666666666666666,18.0,27.0
TrOCR50,9_13,0.0,"[0.5714285714285714, 0.3333333333333333, 0.0, 0.0]",1.0,1.1666666666666667,7.0,6.0
TrOCR50,10_3,0.0,"[0.5714285714285714, 0.3333333333333333, 0.0, 0.0]",1.0,1.1666666666666667,7.0,6.0
TrOCR50,10_6,0.0,"[0.19230769230769232, 0.04, 0.0, 0.0]",0.9622687143632572,0.9629629629629629,26.0,27.0
TrOCR50,10_9,0.0,"[0.625, 0.14285714285714285, 0.0, 0.0]",1.0,1.3333333333333333,8.0,6.0
TrOCR50,10_13,0.0,"[0.2631578947368421, 0.05555555555555555, 0.0, 0.0]",0.9000876262522594,0.9047619047619048,19.0,21.0
TrOCR50,11_1,0.0,"[0.5714285714285714, 0.3333333333333333, 0.0, 0.0]",1.0,1.1666666666666667,7.0,6.0
TrOCR50,11_4,0.0,"[0.5714285714285714, 0.3333333333333333, 0.0, 0.0]",1.0,1.1666666666666667,7.0,6.0
TrOCR50,11_9,0.0,"[0.5714285714285714, 0.16666666666666666, 0.0, 0.0]",1.0,1.0,7.0,7.0
TrOCR50,11_12,0.0,"[0.7142857142857143, 0.3333333333333333, 0.0, 0.0]",1.0,1.0,7.0,7.0
TrOCR50,12_4,0.0,"[0.5714285714285714, 0.3333333333333333, 0.2, 0.0]",1.0,1.4,7.0,5.0
TrOCR50,12_7,0.0,"[0.3684210526315789, 0.05555555555555555, 0.0, 0.0]",0.6227038648477501,0.6785714285714286,19.0,28.0
TrOCR50,12_10,0.0,"[0.7142857142857143, 0.5, 0.2, 0.0]",1.0,1.0,7.0,7.0
TrOCR50,12_11,0.0,"[0.5714285714285714, 0.3333333333333333, 0.2, 0.0]",1.0,1.0,7.0,7.0
TrOCR50,12_12,0.0,"[0.34782608695652173, 0.13636363636363635, 0.047619047619047616, 0.0]",0.9167169520254864,0.92,23.0,25.0
TrOCR50,12_13,0.0,"[0.4, 0.14285714285714285, 0.0, 0.0]",0.5488116360940264,0.625,15.0,24.0
TrOCR50,13_1,0.0,"[0.7142857142857143, 0.5, 0.2, 0.0]",1.0,1.0,7.0,7.0
TrOCR50,13_2,0.0,"[0.625, 0.2857142857142857, 0.16666666666666666, 0.0]",1.0,1.0,8.0,8.0
TrOCR50,13_5,0.0,"[0.10526315789473684, 0.0, 0.0, 0.0]",0.7686205265937356,0.7916666666666666,19.0,24.0
TrOCR50,13_7,0.38260294162784475,"[0.75, 0.42857142857142855, 0.3333333333333333, 0.2]",1.0,1.1428571428571428,8.0,7.0
TrOCR50,13_9,0.0,"[0.5555555555555556, 0.125, 0.0, 0.0]",0.1690133154060661,0.36,9.0,25.0
TrOCR50,13_10,0.0,"[0.8333333333333334, 0.6, 0.25, 0.0]",0.0034593773364647584,0.15,6.0,40.0
TrOCR50,13_13,0.0,"[0.5714285714285714, 0.3333333333333333, 0.0, 0.0]",0.6514390575310556,0.7,7.0,10.0
TrOCR50,14_1,0.0,"[0.42857142857142855, 0.16666666666666666, 0.0, 0.0]",1.0,1.0,7.0,7.0
TrOCR50,14_3,0.0,"[0.0, 0.0, 0.0, 0.0]",0.1353352832366127,0.3333333333333333,7.0,21.0
TrOCR50,14_4,0.0,"[0.42857142857142855, 0.16666666666666666, 0.0, 0.0]",1.0,1.1666666666666667,7.0,6.0
TrOCR50,14_5,0.0,"[0.42857142857142855, 0.16666666666666666, 0.0, 0.0]",1.0,1.1666666666666667,7.0,6.0
TrOCR50,14_6,0.0,"[0.5714285714285714, 0.3333333333333333, 0.0, 0.0]",1.0,1.0,7.0,7.0
TrOCR50,14_8,0.0,"[0.4090909090909091, 0.19047619047619047, 0.05, 0.0]",1.0,1.0,22.0,22.0
TrOCR50,14_10,0.0,"[0.42857142857142855, 0.16666666666666666, 0.0, 0.0]",1.0,1.1666666666666667,7.0,6.0
TrOCR50,14_13,0.0,"[0.5714285714285714, 0.16666666666666666, 0.0, 0.0]",1.0,1.1666666666666667,7.0,6.0
TrOCR50,15_1,0.0,"[0.3333333333333333, 0.1, 0.0, 0.0]",0.6211451576154515,0.6774193548387096,21.0,31.0
TrOCR50,15_3,0.0,"[0.42857142857142855, 0.16666666666666666, 0.0, 0.0]",1.0,1.1666666666666667,7.0,6.0
TrOCR50,15_4,0.0,"[0.42857142857142855, 0.16666666666666666, 0.0, 0.0]",1.0,1.1666666666666667,7.0,6.0
TrOCR50,15_8,0.0,"[0.3333333333333333, 0.125, 0.0, 0.0]",0.21107208779109024,0.391304347826087,9.0,23.0
TrOCR50,15_9,0.0,"[0.42857142857142855, 0.16666666666666666, 0.0, 0.0]",1.0,1.1666666666666667,7.0,6.0
TrOCR50,15_13,0.0,"[0.125, 0.0, 0.0, 0.0]",0.0820849986238988,0.2857142857142857,8.0,28.0
TrOCR50,16_1,0.0,"[0.4444444444444444, 0.125, 0.0, 0.0]",0.0776490817034759,0.28125,9.0,32.0
TrOCR50,16_2,0.0,"[0.0, 0.0, 0.0, 0.0]",0.25283959580474646,0.42105263157894735,8.0,19.0
TrOCR50,16_3,0.0,"[0.14285714285714285, 0.0, 0.0, 0.0]",0.1353352832366127,0.3333333333333333,7.0,21.0
TrOCR50,16_5,0.0,"[0.5714285714285714, 0.3333333333333333, 0.0, 0.0]",0.8668778997501817,0.875,7.0,8.0
TrOCR50,16_9,0.0,"[0.5714285714285714, 0.3333333333333333, 0.2, 0.0]",1.0,1.0,7.0,7.0
TrOCR50,16_10,0.0,"[0.5714285714285714, 0.3333333333333333, 0.2, 0.0]",1.0,1.0,7.0,7.0
TrOCR50,16_11,0.0,"[0.5714285714285714, 0.3333333333333333, 0.2, 0.0]",1.0,1.0,7.0,7.0
TrOCR50,16_12,0.0,"[0.25, 0.14285714285714285, 0.0, 0.0]",0.026649097336355485,0.21621621621621623,8.0,37.0
TrOCR50,16_13,0.0,"[0.5714285714285714, 0.3333333333333333, 0.2, 0.0]",1.0,1.0,7.0,7.0
TrOCR50,17_1,0.0,"[0.7142857142857143, 0.5, 0.2, 0.0]",0.8668778997501817,0.875,7.0,8.0
TrOCR50,17_5,0.0,"[0.3181818181818182, 0.14285714285714285, 0.0, 0.0]",0.8337529180751805,0.8461538461538461,22.0,26.0
TrOCR50,17_9,0.0,"[0.1111111111111111, 0.0, 0.0, 0.0]",0.21107208779109024,0.391304347826087,9.0,23.0
TrOCR50,17_11,0.0,"[0.5714285714285714, 0.3333333333333333, 0.2, 0.0]",1.0,1.0,7.0,7.0
TrOCR50,17_12,0.0,"[0.22727272727272727, 0.14285714285714285, 0.05, 0.0]",1.0,1.1,22.0,20.0
TrOCR50,17_13,0.0,"[0.23529411764705882, 0.0, 0.0, 0.0]",0.8890097654027757,0.8947368421052632,17.0,19.0
TrOCR50,18_1,0.0,"[0.42857142857142855, 0.16666666666666666, 0.0, 0.0]",1.0,1.1666666666666667,7.0,6.0
TrOCR50,18_3,0.0,"[0.5, 0.2857142857142857, 0.0, 0.0]",1.0,1.1428571428571428,8.0,7.0
TrOCR50,18_7,0.0,"[0.4444444444444444, 0.125, 0.0, 0.0]",0.10836802322189586,0.3103448275862069,9.0,29.0
TrOCR50,18_12,0.0,"[0.19047619047619047, 0.0, 0.0, 0.0]",1.0,1.105263157894737,21.0,19.0
TrOCR50,19_1,0.0,"[0.42857142857142855, 0.16666666666666666, 0.0, 0.0]",1.0,1.1666666666666667,7.0,6.0
TrOCR50,19_3,0.0,"[0.5714285714285714, 0.16666666666666666, 0.0, 0.0]",1.0,1.1666666666666667,7.0,6.0
TrOCR50,19_4,0.0,"[0.42857142857142855, 0.16666666666666666, 0.0, 0.0]",1.0,1.0,7.0,7.0
TrOCR50,19_6,0.0,"[0.2727272727272727, 0.047619047619047616, 0.0, 0.0]",0.5056967074374725,0.5945945945945946,22.0,37.0
TrOCR50,19_7,0.0,"[0.42857142857142855, 0.2, 0.05263157894736842, 0.0]",0.788127627745311,0.8076923076923077,21.0,26.0
TrOCR50,19_8,0.0,"[0.4, 0.05263157894736842, 0.0, 0.0]",0.951229424500714,0.9523809523809523,20.0,21.0
TrOCR50,19_9,0.0,"[0.42857142857142855, 0.16666666666666666, 0.0, 0.0]",1.0,1.1666666666666667,7.0,6.0
TrOCR50,19_10,0.0,"[0.42857142857142855, 0.16666666666666666, 0.0, 0.0]",1.0,1.1666666666666667,7.0,6.0
TrOCR50,19_11,0.0,"[0.23404255319148937, 0.06521739130434782, 0.0, 0.0]",1.0,1.5161290322580645,47.0,31.0
TrOCR50,19_12,0.0,"[0.42857142857142855, 0.16666666666666666, 0.0, 0.0]",1.0,1.1666666666666667,7.0,6.0
TrOCR50,20_5,0.0,"[0.3181818181818182, 0.14285714285714285, 0.05, 0.0]",0.8725252928694237,0.88,22.0,25.0
TrOCR50,20_8,0.0,"[0.42857142857142855, 0.16666666666666666, 0.0, 0.0]",1.0,1.0,7.0,7.0
TrOCR50,20_9,0.0,"[0.2, 0.0, 0.0, 0.0]",0.5866462195100318,0.6521739130434783,15.0,23.0
TrOCR50,20_11,0.0,"[0.42857142857142855, 0.16666666666666666, 0.0, 0.0]",1.0,1.0,7.0,7.0
